0.005	0
0.015	0
0.025	0
0.035	0
0.045	0
0.055	0
0.065	1e-07
0.075	0
0.085	0
0.095	0
0.105	6e-07
0.115	2e-07
0.125	4e-07
0.135	1.1e-06
0.145	1.9e-06
0.155	4.3e-06
0.165	7.3e-06
0.175	1.37e-05
0.185	2.03e-05
0.195	2.66e-05
0.205	3.58e-05
0.215	3.88e-05
0.225	4.65e-05
0.235	5.41e-05
0.245	5.87e-05
0.255	7.03e-05
0.265	7.51e-05
0.275	8.1e-05
0.285	8.24e-05
0.295	9.05e-05
0.305	8.81e-05
0.315	8.81e-05
0.325	9.34e-05
0.335	9.7e-05
0.345	9.44e-05
0.355	0.0001018
0.365	9.67e-05
0.375	9.16e-05
0.385	9.32e-05
0.395	9.16e-05
0.405	9.29e-05
0.415	8.99e-05
0.425	8.52e-05
0.435	8.53e-05
0.445	8.63e-05
0.455	8.5e-05
0.465	8.49e-05
0.475	8.38e-05
0.485	7.91e-05
0.495	7.84e-05
0.505	8.08e-05
0.515	8.85e-05
0.525	7.32e-05
0.535	7.32e-05
0.545	7.45e-05
0.555	6.8e-05
0.565	6.38e-05
0.575	6.41e-05
0.585	6.56e-05
0.595	6.43e-05
0.605	6.56e-05
0.615	6.52e-05
0.625	6.18e-05
0.635	5.9e-05
0.645	5.83e-05
0.655	5.61e-05
0.665	5.34e-05
0.675	5.32e-05
0.685	5.34e-05
0.695	5.27e-05
0.705	4.99e-05
0.715	5.23e-05
0.725	5.05e-05
0.735	4.67e-05
0.745	4.77e-05
0.755	5.14e-05
0.765	4.43e-05
0.775	4.51e-05
0.785	4.73e-05
0.795	4.4e-05
0.805	4.34e-05
0.815	4.1e-05
0.825	4.33e-05
0.835	4.25e-05
0.845	4.25e-05
0.855	4.16e-05
0.865	4e-05
0.875	4.05e-05
0.885	4.18e-05
0.895	3.93e-05
0.905	3.92e-05
0.915	3.83e-05
0.925	3.53e-05
0.935	3.34e-05
0.945	3.55e-05
0.955	3.42e-05
0.965	3.24e-05
0.975	3.6e-05
0.985	3.16e-05
0.995	3.46e-05
1.005	2.8e-05
1.015	3.08e-05
1.025	3.15e-05
1.035	3.22e-05
1.045	3.27e-05
1.055	2.8e-05
1.065	3.12e-05
1.075	2.43e-05
1.085	2.68e-05
1.095	2.63e-05
1.105	2.76e-05
1.115	2.48e-05
1.125	2.74e-05
1.135	2.55e-05
1.145	2.58e-05
1.155	2.46e-05
1.165	2.3e-05
1.175	2.35e-05
1.185	2.71e-05
1.195	2.52e-05
1.205	2.34e-05
1.215	2.39e-05
1.225	2.51e-05
1.235	2.31e-05
1.245	2.44e-05
1.255	1.92e-05
1.265	2.11e-05
1.275	2.39e-05
1.285	2.24e-05
1.295	2.07e-05
1.305	2.21e-05
1.315	1.95e-05
1.325	2.06e-05
1.335	2.15e-05
1.345	1.95e-05
1.355	1.96e-05
1.365	2.15e-05
1.375	1.81e-05
1.385	1.76e-05
1.395	1.96e-05
1.405	1.78e-05
1.415	1.88e-05
1.425	1.62e-05
1.435	1.83e-05
1.445	1.77e-05
1.455	1.73e-05
1.465	1.61e-05
1.475	1.78e-05
1.485	1.6e-05
1.495	1.56e-05
1.505	1.59e-05
1.515	1.62e-05
1.525	1.44e-05
1.535	1.81e-05
1.545	1.54e-05
1.555	1.34e-05
1.565	1.31e-05
1.575	1.51e-05
1.585	1.35e-05
1.595	1.53e-05
1.605	1.38e-05
1.615	1.44e-05
1.625	1.3e-05
1.635	1.27e-05
1.645	1.58e-05
1.655	1.15e-05
1.665	1.26e-05
1.675	1.26e-05
1.685	1.19e-05
1.695	1.35e-05
1.705	1.15e-05
1.715	1.11e-05
1.725	1.13e-05
1.735	1.21e-05
1.745	1.1e-05
1.755	1.2e-05
1.765	1e-05
1.775	1.03e-05
1.785	1.03e-05
1.795	1.01e-05
1.805	1.19e-05
1.815	1.11e-05
1.825	8.9e-06
1.835	9.5e-06
1.845	1.09e-05
1.855	1.01e-05
1.865	9.7e-06
1.875	1.13e-05
1.885	1.07e-05
1.895	8.7e-06
1.905	1.11e-05
1.915	1.02e-05
1.925	8.7e-06
1.935	6.5e-06
1.945	1.14e-05
1.955	9.4e-06
1.965	8.2e-06
1.975	9.1e-06
1.985	8.4e-06
1.995	9.7e-06
2.005	8.4e-06
2.015	8.3e-06
2.025	9.4e-06
2.035	7.7e-06
2.045	8.5e-06
2.055	8.2e-06
2.065	7e-06
2.075	7.7e-06
2.085	7.9e-06
2.095	7.4e-06
2.105	7.9e-06
2.115	8.6e-06
2.125	6.5e-06
2.135	7.9e-06
2.145	6.4e-06
2.155	6.9e-06
2.165	5.6e-06
2.175	7.9e-06
2.185	7.3e-06
2.195	6.4e-06
2.205	5.5e-06
2.215	6e-06
2.225	6.9e-06
2.235	6.6e-06
2.245	6.5e-06
2.255	5.8e-06
2.265	6e-06
2.275	5.5e-06
2.285	6.4e-06
2.295	5.6e-06
2.305	6.1e-06
2.315	5.8e-06
2.325	5e-06
2.335	4.8e-06
2.345	5.7e-06
2.355	5.7e-06
2.365	5.8e-06
2.375	5.5e-06
2.385	4.8e-06
2.395	4.9e-06
2.405	4.8e-06
2.415	4.8e-06
2.425	3.9e-06
2.435	5.4e-06
2.445	4.5e-06
2.455	4.8e-06
2.465	5e-06
2.475	4.3e-06
2.485	4.8e-06
2.495	4.2e-06
2.505	4.8e-06
2.515	3.9e-06
2.525	3.5e-06
2.535	4.1e-06
2.545	2.8e-06
2.555	4.8e-06
2.565	4e-06
2.575	4.6e-06
2.585	3.3e-06
2.595	5.4e-06
2.605	3.3e-06
2.615	3e-06
2.625	3.5e-06
2.635	2.9e-06
2.645	2.7e-06
2.655	2.8e-06
2.665	3.4e-06
2.675	2.5e-06
2.685	3.1e-06
2.695	2.7e-06
2.705	4.2e-06
2.715	2.9e-06
2.725	2.5e-06
2.735	3.4e-06
2.745	2.8e-06
2.755	2.5e-06
2.765	3.3e-06
2.775	2e-06
2.785	2.2e-06
2.795	2.8e-06
2.805	2.2e-06
2.815	3.3e-06
2.825	2e-06
2.835	1.8e-06
2.845	2.4e-06
2.855	2.6e-06
2.865	2.5e-06
2.875	1.5e-06
2.885	7e-07
2.895	1.2e-06
2.905	2.4e-06
2.915	2.6e-06
2.925	2.1e-06
2.935	1.1e-06
2.945	1.5e-06
2.955	1e-06
2.965	4e-07
2.975	1.2e-06
2.985	2e-07
2.995	1e-07
3.005	0
