2.001000e-04	29453.490311
2.002000e-04	29447.184975
2.003000e-04	29440.879639
2.004000e-04	29434.574302
2.005000e-04	29428.268966
2.006000e-04	29421.963630
2.007000e-04	29415.658293
2.008000e-04	29409.352957
2.009000e-04	29403.047621
2.010000e-04	29396.742285
2.011000e-04	29390.436948
2.012000e-04	29384.131612
2.013000e-04	29377.826276
2.014000e-04	29371.520939
2.015000e-04	29365.215603
2.016000e-04	29358.910267
2.017000e-04	29352.604931
2.018000e-04	29346.299594
2.019000e-04	29339.994258
2.020000e-04	29333.688922
2.021000e-04	29327.383586
2.022000e-04	29321.078249
2.023000e-04	29314.772913
2.024000e-04	29308.467577
2.025000e-04	29302.162240
2.026000e-04	29295.856904
2.027000e-04	29289.551568
2.028000e-04	29283.246232
2.029000e-04	29276.940895
2.030000e-04	29270.635559
2.031000e-04	29264.330223
2.032000e-04	29258.024886
2.033000e-04	29251.719550
2.034000e-04	29245.414214
2.035000e-04	29239.108878
2.036000e-04	29232.803541
2.037000e-04	29226.498205
2.038000e-04	29220.192869
2.039000e-04	29213.887532
2.040000e-04	29207.582196
2.041000e-04	29201.276860
2.042000e-04	29194.971524
2.043000e-04	29188.666187
2.044000e-04	29182.360851
2.045000e-04	29176.055515
2.046000e-04	29169.750178
2.047000e-04	29163.444842
2.048000e-04	29157.139506
2.049000e-04	29150.834170
2.050000e-04	29144.528833
2.051000e-04	29138.223497
2.052000e-04	29131.918161
2.053000e-04	29125.612825
2.054000e-04	29119.307488
2.055000e-04	29113.002152
2.056000e-04	29106.696816
2.057000e-04	29100.391479
2.058000e-04	29094.086143
2.059000e-04	29087.780807
2.060000e-04	29081.475471
2.061000e-04	29075.170134
2.062000e-04	29068.864798
2.063000e-04	29062.559462
2.064000e-04	29056.254125
2.065000e-04	29049.948789
2.066000e-04	29043.643453
2.067000e-04	29037.338117
2.068000e-04	29031.032780
2.069000e-04	29024.727444
2.070000e-04	29018.422108
2.071000e-04	29012.116771
2.072000e-04	29005.811435
2.073000e-04	28999.506099
2.074000e-04	28993.200763
2.075000e-04	28986.895426
2.076000e-04	28980.590090
2.077000e-04	28974.284754
2.078000e-04	28967.979418
2.079000e-04	28961.674081
2.080000e-04	28955.368745
2.081000e-04	28949.063409
2.082000e-04	28942.758072
2.083000e-04	28936.452736
2.084000e-04	28930.147400
2.085000e-04	28923.842064
2.086000e-04	28917.536727
2.087000e-04	28911.231391
2.088000e-04	28904.926055
2.089000e-04	28898.620718
2.090000e-04	28892.315382
2.091000e-04	28886.010046
2.092000e-04	28879.704710
2.093000e-04	28873.399373
2.094000e-04	28867.094037
2.095000e-04	28860.788701
2.096000e-04	28854.483364
2.097000e-04	28848.178028
2.098000e-04	28841.872692
2.099000e-04	28835.567356
2.100000e-04	28829.262019
2.101000e-04	28822.956683
2.102000e-04	28816.651347
2.103000e-04	28810.346011
2.104000e-04	28804.040674
2.105000e-04	28797.735338
2.106000e-04	28791.430002
2.107000e-04	28785.124665
2.108000e-04	28778.819329
2.109000e-04	28772.513993
2.110000e-04	28766.208657
2.111000e-04	28759.903320
2.112000e-04	28753.597984
2.113000e-04	28747.292648
2.114000e-04	28740.987311
2.115000e-04	28734.681975
2.116000e-04	28728.376639
2.117000e-04	28722.071303
2.118000e-04	28715.765966
2.119000e-04	28709.460630
2.120000e-04	28703.155294
2.121000e-04	28696.849957
2.122000e-04	28690.544621
2.123000e-04	28684.239285
2.124000e-04	28677.933949
2.125000e-04	28671.628612
2.126000e-04	28665.323276
2.127000e-04	28659.017940
2.128000e-04	28652.712603
2.129000e-04	28646.407267
2.130000e-04	28640.101931
2.131000e-04	28633.796595
2.132000e-04	28627.491258
2.133000e-04	28621.185922
2.134000e-04	28614.880586
2.135000e-04	28608.575250
2.136000e-04	28602.269913
2.137000e-04	28595.964577
2.138000e-04	28589.659241
2.139000e-04	28583.353904
2.140000e-04	28577.048568
2.141000e-04	28570.743232
2.142000e-04	28564.437896
2.143000e-04	28558.132559
2.144000e-04	28551.827223
2.145000e-04	28545.521887
2.146000e-04	28539.216550
2.147000e-04	28532.911214
2.148000e-04	28526.605878
2.149000e-04	28520.300542
2.150000e-04	28513.995205
2.151000e-04	28507.689869
2.152000e-04	28501.384533
2.153000e-04	28495.079196
2.154000e-04	28488.773860
2.155000e-04	28482.468524
2.156000e-04	28476.163188
2.157000e-04	28469.857851
2.158000e-04	28463.552515
2.159000e-04	28457.247179
2.160000e-04	28450.941843
2.161000e-04	28444.636506
2.162000e-04	28438.331170
2.163000e-04	28432.025834
2.164000e-04	28425.720497
2.165000e-04	28419.415161
2.166000e-04	28413.109825
2.167000e-04	28406.804489
2.168000e-04	28400.499152
2.169000e-04	28394.193816
2.170000e-04	28387.888480
2.171000e-04	28381.583143
2.172000e-04	28375.277807
2.173000e-04	28368.972471
2.174000e-04	28362.667135
2.175000e-04	28356.361798
2.176000e-04	28350.056462
2.177000e-04	28343.751126
2.178000e-04	28337.445789
2.179000e-04	28331.140453
2.180000e-04	28324.835117
2.181000e-04	28318.529781
2.182000e-04	28312.224444
2.183000e-04	28305.919108
2.184000e-04	28299.613772
2.185000e-04	28293.308435
2.186000e-04	28287.003099
2.187000e-04	28280.697763
2.188000e-04	28274.392427
2.189000e-04	28268.087090
2.190000e-04	28261.781754
2.191000e-04	28255.476418
2.192000e-04	28249.171082
2.193000e-04	28242.865745
2.194000e-04	28236.560409
2.195000e-04	28230.255073
2.196000e-04	28223.949736
2.197000e-04	28217.644400
2.198000e-04	28211.339064
2.199000e-04	28205.033728
2.200000e-04	28198.728391
2.201000e-04	28192.423055
2.202000e-04	28186.117719
2.203000e-04	28179.812382
2.204000e-04	28173.507046
2.205000e-04	28167.201710
2.206000e-04	28160.896374
2.207000e-04	28154.591037
2.208000e-04	28148.285701
2.209000e-04	28141.980365
2.210000e-04	28135.675028
2.211000e-04	28129.369692
2.212000e-04	28123.064356
2.213000e-04	28116.759020
2.214000e-04	28110.453683
2.215000e-04	28104.148347
2.216000e-04	28097.843011
2.217000e-04	28091.537675
2.218000e-04	28085.232338
2.219000e-04	28078.927002
2.220000e-04	28072.621666
2.221000e-04	28066.316329
2.222000e-04	28060.010993
2.223000e-04	28053.705657
2.224000e-04	28047.400321
2.225000e-04	28041.094984
2.226000e-04	28034.789648
2.227000e-04	28028.484312
2.228000e-04	28022.178975
2.229000e-04	28015.873639
2.230000e-04	28009.568303
2.231000e-04	28003.262967
2.232000e-04	27996.957630
2.233000e-04	27990.652294
2.234000e-04	27984.346958
2.235000e-04	27978.041621
2.236000e-04	27971.736285
2.237000e-04	27965.430949
2.238000e-04	27959.125613
2.239000e-04	27952.820276
2.240000e-04	27946.514940
2.241000e-04	27940.209604
2.242000e-04	27933.904268
2.243000e-04	27927.598931
2.244000e-04	27921.293595
2.245000e-04	27914.988259
2.246000e-04	27908.682922
2.247000e-04	27902.377586
2.248000e-04	27896.072250
2.249000e-04	27889.766914
2.250000e-04	27883.461577
2.251000e-04	27877.156241
2.252000e-04	27870.850905
2.253000e-04	27864.545568
2.254000e-04	27858.240232
2.255000e-04	27851.934896
2.256000e-04	27845.629560
2.257000e-04	27839.324223
2.258000e-04	27833.018887
2.259000e-04	27826.713551
2.260000e-04	27820.408214
2.261000e-04	27814.102878
2.262000e-04	27807.797542
2.263000e-04	27801.492206
2.264000e-04	27795.186869
2.265000e-04	27788.881533
2.266000e-04	27782.576197
2.267000e-04	27776.270860
2.268000e-04	27769.965524
2.269000e-04	27763.660188
2.270000e-04	27757.354852
2.271000e-04	27751.049515
2.272000e-04	27744.744179
2.273000e-04	27738.438843
2.274000e-04	27732.133507
2.275000e-04	27725.828170
2.276000e-04	27719.522834
2.277000e-04	27713.217498
2.278000e-04	27706.912161
2.279000e-04	27700.606825
2.280000e-04	27694.301489
2.281000e-04	27687.996153
2.282000e-04	27681.690816
2.283000e-04	27675.385480
2.284000e-04	27669.080144
2.285000e-04	27662.774807
2.286000e-04	27656.469471
2.287000e-04	27650.164135
2.288000e-04	27643.858799
2.289000e-04	27637.553462
2.290000e-04	27631.248126
2.291000e-04	27624.942790
2.292000e-04	27618.637453
2.293000e-04	27612.332117
2.294000e-04	27606.026781
2.295000e-04	27599.721445
2.296000e-04	27593.416108
2.297000e-04	27587.110772
2.298000e-04	27580.805436
2.299000e-04	27574.500100
2.300000e-04	27568.194763
2.301000e-04	27561.889427
2.302000e-04	27555.584091
2.303000e-04	27549.278754
2.304000e-04	27542.973418
2.305000e-04	27536.668082
2.306000e-04	27530.362746
2.307000e-04	27524.057409
2.308000e-04	27517.752073
2.309000e-04	27511.446737
2.310000e-04	27505.141400
2.311000e-04	27498.836064
2.312000e-04	27492.530728
2.313000e-04	27486.225392
2.314000e-04	27479.920055
2.315000e-04	27473.614719
2.316000e-04	27467.309383
2.317000e-04	27461.004046
2.318000e-04	27454.698710
2.319000e-04	27448.393374
2.320000e-04	27442.088038
2.321000e-04	27435.782701
2.322000e-04	27429.477365
2.323000e-04	27423.172029
2.324000e-04	27416.866692
2.325000e-04	27410.561356
2.326000e-04	27404.256020
2.327000e-04	27397.950684
2.328000e-04	27391.645347
2.329000e-04	27385.340011
2.330000e-04	27379.034675
2.331000e-04	27372.729339
2.332000e-04	27366.424002
2.333000e-04	27360.118666
2.334000e-04	27353.813330
2.335000e-04	27347.507993
2.336000e-04	27341.202657
2.337000e-04	27334.897321
2.338000e-04	27328.591985
2.339000e-04	27322.286648
2.340000e-04	27315.981312
2.341000e-04	27309.675976
2.342000e-04	27303.370639
2.343000e-04	27297.065303
2.344000e-04	27290.759967
2.345000e-04	27284.454631
2.346000e-04	27278.149294
2.347000e-04	27271.843958
2.348000e-04	27265.538622
2.349000e-04	27259.233285
2.350000e-04	27252.927949
2.351000e-04	27246.622613
2.352000e-04	27240.317277
2.353000e-04	27234.011940
2.354000e-04	27227.706604
2.355000e-04	27221.401268
2.356000e-04	27215.095932
2.357000e-04	27208.790595
2.358000e-04	27202.485259
2.359000e-04	27196.179923
2.360000e-04	27189.874586
2.361000e-04	27183.569250
2.362000e-04	27177.263914
2.363000e-04	27170.958578
2.364000e-04	27164.653241
2.365000e-04	27158.347905
2.366000e-04	27152.042569
2.367000e-04	27145.737232
2.368000e-04	27139.431896
2.369000e-04	27133.126560
2.370000e-04	27126.821224
2.371000e-04	27120.515887
2.372000e-04	27114.210551
2.373000e-04	27107.905215
2.374000e-04	27101.599878
2.375000e-04	27095.294542
2.376000e-04	27088.989206
2.377000e-04	27082.683870
2.378000e-04	27076.378533
2.379000e-04	27070.073197
2.380000e-04	27063.767861
2.381000e-04	27057.462525
2.382000e-04	27051.157188
2.383000e-04	27044.851852
2.384000e-04	27038.546516
2.385000e-04	27032.241179
2.386000e-04	27025.935843
2.387000e-04	27019.630507
2.388000e-04	27013.325171
2.389000e-04	27007.019834
2.390000e-04	27000.714498
2.391000e-04	26994.409162
2.392000e-04	26988.103825
2.393000e-04	26981.798489
2.394000e-04	26975.493153
2.395000e-04	26969.187817
2.396000e-04	26962.882480
2.397000e-04	26956.577144
2.398000e-04	26950.271808
2.399000e-04	26943.966471
2.400000e-04	26937.661135
2.401000e-04	26931.355799
2.402000e-04	26925.050463
2.403000e-04	26918.745126
2.404000e-04	26912.439790
2.405000e-04	26906.134454
2.406000e-04	26899.829117
2.407000e-04	26893.523781
2.408000e-04	26887.218445
2.409000e-04	26880.913109
2.410000e-04	26874.607772
2.411000e-04	26868.302436
2.412000e-04	26861.997100
2.413000e-04	26855.691764
2.414000e-04	26849.386427
2.415000e-04	26843.081091
2.416000e-04	26836.775755
2.417000e-04	26830.470418
2.418000e-04	26824.165082
2.419000e-04	26817.859746
2.420000e-04	26811.554410
2.421000e-04	26805.249073
2.422000e-04	26798.943737
2.423000e-04	26792.638401
2.424000e-04	26786.333064
2.425000e-04	26780.027728
2.426000e-04	26773.722392
2.427000e-04	26767.417056
2.428000e-04	26761.111719
2.429000e-04	26754.806383
2.430000e-04	26748.501047
2.431000e-04	26742.195710
2.432000e-04	26735.890374
2.433000e-04	26729.585038
2.434000e-04	26723.279702
2.435000e-04	26716.974365
2.436000e-04	26710.669029
2.437000e-04	26704.363693
2.438000e-04	26698.058357
2.439000e-04	26691.753020
2.440000e-04	26685.447684
2.441000e-04	26679.142348
2.442000e-04	26672.837011
2.443000e-04	26666.531675
2.444000e-04	26660.226339
2.445000e-04	26653.921003
2.446000e-04	26647.615666
2.447000e-04	26641.310330
2.448000e-04	26635.004994
2.449000e-04	26628.699657
2.450000e-04	26622.394321
2.451000e-04	26616.088985
2.452000e-04	26609.783649
2.453000e-04	26603.478312
2.454000e-04	26597.172976
2.455000e-04	26590.867640
2.456000e-04	26584.562303
2.457000e-04	26578.256967
2.458000e-04	26571.951631
2.459000e-04	26565.646295
2.460000e-04	26559.340958
2.461000e-04	26553.035622
2.462000e-04	26546.730286
2.463000e-04	26540.424949
2.464000e-04	26534.119613
2.465000e-04	26527.814277
2.466000e-04	26521.508941
2.467000e-04	26515.203604
2.468000e-04	26508.898268
2.469000e-04	26502.592932
2.470000e-04	26496.287596
2.471000e-04	26489.982259
2.472000e-04	26483.676923
2.473000e-04	26477.371587
2.474000e-04	26471.066250
2.475000e-04	26464.760914
2.476000e-04	26458.455578
2.477000e-04	26452.150242
2.478000e-04	26445.844905
2.479000e-04	26439.539569
2.480000e-04	26433.234233
2.481000e-04	26426.928896
2.482000e-04	26420.623560
2.483000e-04	26414.318224
2.484000e-04	26408.012888
2.485000e-04	26401.707551
2.486000e-04	26395.402215
2.487000e-04	26389.096879
2.488000e-04	26382.791542
2.489000e-04	26376.486206
2.490000e-04	26370.180870
2.491000e-04	26363.875534
2.492000e-04	26357.570197
2.493000e-04	26351.264861
2.494000e-04	26344.959525
2.495000e-04	26338.654189
2.496000e-04	26332.348852
2.497000e-04	26326.043516
2.498000e-04	26319.738180
2.499000e-04	26313.432843
2.500000e-04	26307.127507
2.501000e-04	26300.822171
2.502000e-04	26294.516835
2.503000e-04	26288.211498
2.504000e-04	26281.906162
2.505000e-04	26275.600826
2.506000e-04	26269.295489
2.507000e-04	26262.990153
2.508000e-04	26256.684817
2.509000e-04	26250.379481
2.510000e-04	26244.074144
2.511000e-04	26237.768808
2.512000e-04	26231.463472
2.513000e-04	26225.158135
2.514000e-04	26218.852799
2.515000e-04	26212.547463
2.516000e-04	26206.242127
2.517000e-04	26199.936790
2.518000e-04	26193.631454
2.519000e-04	26187.326118
2.520000e-04	26181.020782
2.521000e-04	26174.715445
2.522000e-04	26168.410109
2.523000e-04	26162.104773
2.524000e-04	26155.799436
2.525000e-04	26149.494100
2.526000e-04	26143.188764
2.527000e-04	26136.883428
2.528000e-04	26130.578091
2.529000e-04	26124.272755
2.530000e-04	26117.967419
2.531000e-04	26111.662082
2.532000e-04	26105.356746
2.533000e-04	26099.051410
2.534000e-04	26092.746074
2.535000e-04	26086.440737
2.536000e-04	26080.135401
2.537000e-04	26073.830065
2.538000e-04	26067.524728
2.539000e-04	26061.219392
2.540000e-04	26054.914056
2.541000e-04	26048.608720
2.542000e-04	26042.303383
2.543000e-04	26035.998047
2.544000e-04	26029.692711
2.545000e-04	26023.387374
2.546000e-04	26017.082038
2.547000e-04	26010.776702
2.548000e-04	26004.471366
2.549000e-04	25998.166029
2.550000e-04	25991.860693
2.551000e-04	25985.555357
2.552000e-04	25979.250021
2.553000e-04	25972.944684
2.554000e-04	25966.639348
2.555000e-04	25960.334012
2.556000e-04	25954.028675
2.557000e-04	25947.723339
2.558000e-04	25941.418003
2.559000e-04	25935.112667
2.560000e-04	25928.807330
2.561000e-04	25922.501994
2.562000e-04	25916.196658
2.563000e-04	25909.891321
2.564000e-04	25903.585985
2.565000e-04	25897.280649
2.566000e-04	25890.975313
2.567000e-04	25884.669976
2.568000e-04	25878.364640
2.569000e-04	25872.059304
2.570000e-04	25865.753967
2.571000e-04	25859.448631
2.572000e-04	25853.143295
2.573000e-04	25846.837959
2.574000e-04	25840.532622
2.575000e-04	25834.227286
2.576000e-04	25827.921950
2.577000e-04	25821.616614
2.578000e-04	25815.311277
2.579000e-04	25809.005941
2.580000e-04	25802.700605
2.581000e-04	25796.395268
2.582000e-04	25790.089932
2.583000e-04	25783.784596
2.584000e-04	25777.479260
2.585000e-04	25771.173923
2.586000e-04	25764.868587
2.587000e-04	25758.563251
2.588000e-04	25752.257914
2.589000e-04	25745.952578
2.590000e-04	25739.647242
2.591000e-04	25733.341906
2.592000e-04	25727.036569
2.593000e-04	25720.731233
2.594000e-04	25714.425897
2.595000e-04	25708.120560
2.596000e-04	25701.815224
2.597000e-04	25695.509888
2.598000e-04	25689.204552
2.599000e-04	25682.899215
2.600000e-04	25676.593879
2.601000e-04	25670.288543
2.602000e-04	25663.983206
2.603000e-04	25657.677870
2.604000e-04	25651.372534
2.605000e-04	25645.067198
2.606000e-04	25638.761861
2.607000e-04	25632.456525
2.608000e-04	25626.151189
2.609000e-04	25619.845853
2.610000e-04	25613.540516
2.611000e-04	25607.235180
2.612000e-04	25600.929844
2.613000e-04	25594.624507
2.614000e-04	25588.319171
2.615000e-04	25582.013835
2.616000e-04	25575.708499
2.617000e-04	25569.403162
2.618000e-04	25563.097826
2.619000e-04	25556.792490
2.620000e-04	25550.487153
2.621000e-04	25544.181817
2.622000e-04	25537.876481
2.623000e-04	25531.571145
2.624000e-04	25525.265808
2.625000e-04	25518.960472
2.626000e-04	25512.655136
2.627000e-04	25506.349799
2.628000e-04	25500.044463
2.629000e-04	25493.739127
2.630000e-04	25487.433791
2.631000e-04	25481.128454
2.632000e-04	25474.823118
2.633000e-04	25468.517782
2.634000e-04	25462.212446
2.635000e-04	25455.907109
2.636000e-04	25449.601773
2.637000e-04	25443.296437
2.638000e-04	25436.991100
2.639000e-04	25430.685764
2.640000e-04	25424.380428
2.641000e-04	25418.075092
2.642000e-04	25411.769755
2.643000e-04	25405.464419
2.644000e-04	25399.159083
2.645000e-04	25392.853746
2.646000e-04	25386.548410
2.647000e-04	25380.243074
2.648000e-04	25373.937738
2.649000e-04	25367.632401
2.650000e-04	25361.327065
2.651000e-04	25355.021729
2.652000e-04	25348.716392
2.653000e-04	25342.411056
2.654000e-04	25336.105720
2.655000e-04	25329.800384
2.656000e-04	25323.495047
2.657000e-04	25317.189711
2.658000e-04	25310.884375
2.659000e-04	25304.579039
2.660000e-04	25298.273702
2.661000e-04	25291.968366
2.662000e-04	25285.663030
2.663000e-04	25279.357693
2.664000e-04	25273.052357
2.665000e-04	25266.747021
2.666000e-04	25260.441685
2.667000e-04	25254.136348
2.668000e-04	25247.831012
2.669000e-04	25241.525676
2.670000e-04	25235.220339
2.671000e-04	25228.915003
2.672000e-04	25222.609667
2.673000e-04	25216.304331
2.674000e-04	25209.998994
2.675000e-04	25203.693658
2.676000e-04	25197.388322
2.677000e-04	25191.082985
2.678000e-04	25184.777649
2.679000e-04	25178.472313
2.680000e-04	25172.166977
2.681000e-04	25165.861640
2.682000e-04	25159.556304
2.683000e-04	25153.250968
2.684000e-04	25146.945631
2.685000e-04	25140.640295
2.686000e-04	25134.334959
2.687000e-04	25128.029623
2.688000e-04	25121.724286
2.689000e-04	25115.418950
2.690000e-04	25109.113614
2.691000e-04	25102.808278
2.692000e-04	25096.502941
2.693000e-04	25090.197605
2.694000e-04	25083.892269
2.695000e-04	25077.586932
2.696000e-04	25071.281596
2.697000e-04	25064.976260
2.698000e-04	25058.670924
2.699000e-04	25052.365587
2.700000e-04	25046.060251
2.701000e-04	25039.754915
2.702000e-04	25033.449578
2.703000e-04	25027.144242
2.704000e-04	25020.838906
2.705000e-04	25014.533570
2.706000e-04	25008.228233
2.707000e-04	25001.922897
2.708000e-04	24995.617561
2.709000e-04	24989.312224
2.710000e-04	24983.006888
2.711000e-04	24976.701552
2.712000e-04	24970.396216
2.713000e-04	24964.090879
2.714000e-04	24957.785543
2.715000e-04	24951.480207
2.716000e-04	24945.174871
2.717000e-04	24938.869534
2.718000e-04	24932.564198
2.719000e-04	24926.258862
2.720000e-04	24919.953525
2.721000e-04	24913.648189
2.722000e-04	24907.342853
2.723000e-04	24901.037517
2.724000e-04	24894.732180
2.725000e-04	24888.426844
2.726000e-04	24882.121508
2.727000e-04	24875.816171
2.728000e-04	24869.510835
2.729000e-04	24863.205499
2.730000e-04	24856.900163
2.731000e-04	24850.594826
2.732000e-04	24844.289490
2.733000e-04	24837.984154
2.734000e-04	24831.678817
2.735000e-04	24825.373481
2.736000e-04	24819.068145
2.737000e-04	24812.762809
2.738000e-04	24806.457472
2.739000e-04	24800.152136
2.740000e-04	24793.846800
2.741000e-04	24787.541463
2.742000e-04	24781.236127
2.743000e-04	24774.930791
2.744000e-04	24768.625455
2.745000e-04	24762.320118
2.746000e-04	24756.014782
2.747000e-04	24749.709446
2.748000e-04	24743.404110
2.749000e-04	24737.098773
2.750000e-04	24730.793437
2.751000e-04	24724.488101
2.752000e-04	24718.182764
2.753000e-04	24711.877428
2.754000e-04	24705.572092
2.755000e-04	24699.266756
2.756000e-04	24692.961419
2.757000e-04	24686.656083
2.758000e-04	24680.350747
2.759000e-04	24674.045410
2.760000e-04	24667.740074
2.761000e-04	24661.434738
2.762000e-04	24655.129402
2.763000e-04	24648.824065
2.764000e-04	24642.518729
2.765000e-04	24636.213393
2.766000e-04	24629.908056
2.767000e-04	24623.602720
2.768000e-04	24617.297384
2.769000e-04	24610.992048
2.770000e-04	24604.686711
2.771000e-04	24598.381375
2.772000e-04	24592.076039
2.773000e-04	24585.770703
2.774000e-04	24579.465366
2.775000e-04	24573.160030
2.776000e-04	24566.854694
2.777000e-04	24560.549357
2.778000e-04	24554.244021
2.779000e-04	24547.938685
2.780000e-04	24541.633349
2.781000e-04	24535.328012
2.782000e-04	24529.022676
2.783000e-04	24522.717340
2.784000e-04	24516.412003
2.785000e-04	24510.106667
2.786000e-04	24503.801331
2.787000e-04	24497.495995
2.788000e-04	24491.190658
2.789000e-04	24484.885322
2.790000e-04	24478.579986
2.791000e-04	24472.274649
2.792000e-04	24465.969313
2.793000e-04	24459.663977
2.794000e-04	24453.358641
2.795000e-04	24447.053304
2.796000e-04	24440.747968
2.797000e-04	24434.442632
2.798000e-04	24428.137296
2.799000e-04	24421.831959
2.800000e-04	24415.526623
2.801000e-04	24409.221287
2.802000e-04	24402.915950
2.803000e-04	24396.610614
2.804000e-04	24390.305278
2.805000e-04	24383.999942
2.806000e-04	24377.694605
2.807000e-04	24371.389269
2.808000e-04	24365.083933
2.809000e-04	24358.778596
2.810000e-04	24352.473260
2.811000e-04	24346.167924
2.812000e-04	24339.862588
2.813000e-04	24333.557251
2.814000e-04	24327.251915
2.815000e-04	24320.946579
2.816000e-04	24314.641242
2.817000e-04	24308.335906
2.818000e-04	24302.030570
2.819000e-04	24295.725234
2.820000e-04	24289.419897
2.821000e-04	24283.114561
2.822000e-04	24276.809225
2.823000e-04	24270.503888
2.824000e-04	24264.198552
2.825000e-04	24257.893216
2.826000e-04	24251.587880
2.827000e-04	24245.282543
2.828000e-04	24238.977207
2.829000e-04	24232.671871
2.830000e-04	24226.366535
2.831000e-04	24220.061198
2.832000e-04	24213.755862
2.833000e-04	24207.450526
2.834000e-04	24201.145189
2.835000e-04	24194.839853
2.836000e-04	24188.534517
2.837000e-04	24182.229181
2.838000e-04	24175.923844
2.839000e-04	24169.618508
2.840000e-04	24163.313172
2.841000e-04	24157.007835
2.842000e-04	24150.702499
2.843000e-04	24144.397163
2.844000e-04	24138.091827
2.845000e-04	24131.786490
2.846000e-04	24125.481154
2.847000e-04	24119.175818
2.848000e-04	24112.870481
2.849000e-04	24106.565145
2.850000e-04	24100.259809
2.851000e-04	24093.954473
2.852000e-04	24087.649136
2.853000e-04	24081.343800
2.854000e-04	24075.038464
2.855000e-04	24068.733128
2.856000e-04	24062.427791
2.857000e-04	24056.122455
2.858000e-04	24049.817119
2.859000e-04	24043.511782
2.860000e-04	24037.206446
2.861000e-04	24030.901110
2.862000e-04	24024.595774
2.863000e-04	24018.290437
2.864000e-04	24011.985101
2.865000e-04	24005.679765
2.866000e-04	23999.374428
2.867000e-04	23993.069092
2.868000e-04	23986.763756
2.869000e-04	23980.458420
2.870000e-04	23974.153083
2.871000e-04	23967.847747
2.872000e-04	23961.542411
2.873000e-04	23955.237074
2.874000e-04	23948.931738
2.875000e-04	23942.626402
2.876000e-04	23936.321066
2.877000e-04	23930.015729
2.878000e-04	23923.710393
2.879000e-04	23917.405057
2.880000e-04	23911.099720
2.881000e-04	23904.794384
2.882000e-04	23898.489048
2.883000e-04	23892.183712
2.884000e-04	23885.878375
2.885000e-04	23879.573039
2.886000e-04	23873.267703
2.887000e-04	23866.962367
2.888000e-04	23860.657030
2.889000e-04	23854.351694
2.890000e-04	23848.046358
2.891000e-04	23841.741021
2.892000e-04	23835.435685
2.893000e-04	23829.130349
2.894000e-04	23822.825013
2.895000e-04	23816.519676
2.896000e-04	23810.214340
2.897000e-04	23803.909004
2.898000e-04	23797.603667
2.899000e-04	23791.298331
2.900000e-04	23784.992995
2.901000e-04	23778.687659
2.902000e-04	23772.382322
2.903000e-04	23766.076986
2.904000e-04	23759.771650
2.905000e-04	23753.466313
2.906000e-04	23747.160977
2.907000e-04	23740.855641
2.908000e-04	23734.550305
2.909000e-04	23728.244968
2.910000e-04	23721.939632
2.911000e-04	23715.634296
2.912000e-04	23709.328960
2.913000e-04	23703.023623
2.914000e-04	23696.718287
2.915000e-04	23690.412951
2.916000e-04	23684.107614
2.917000e-04	23677.802278
2.918000e-04	23671.496942
2.919000e-04	23665.191606
2.920000e-04	23658.886269
2.921000e-04	23652.580933
2.922000e-04	23646.275597
2.923000e-04	23639.970260
2.924000e-04	23633.664924
2.925000e-04	23627.359588
2.926000e-04	23621.054252
2.927000e-04	23614.748915
2.928000e-04	23608.443579
2.929000e-04	23602.138243
2.930000e-04	23595.832906
2.931000e-04	23589.527570
2.932000e-04	23583.222234
2.933000e-04	23576.916898
2.934000e-04	23570.611561
2.935000e-04	23564.306225
2.936000e-04	23558.000889
2.937000e-04	23551.695553
2.938000e-04	23545.390216
2.939000e-04	23539.084880
2.940000e-04	23532.779544
2.941000e-04	23526.474207
2.942000e-04	23520.168871
2.943000e-04	23513.863535
2.944000e-04	23507.558199
2.945000e-04	23501.252862
2.946000e-04	23494.947526
2.947000e-04	23488.642190
2.948000e-04	23482.336853
2.949000e-04	23476.031517
2.950000e-04	23469.726181
2.951000e-04	23463.420845
2.952000e-04	23457.115508
2.953000e-04	23450.810172
2.954000e-04	23444.504836
2.955000e-04	23438.199499
2.956000e-04	23431.894163
2.957000e-04	23425.588827
2.958000e-04	23419.283491
2.959000e-04	23412.978154
2.960000e-04	23406.672818
2.961000e-04	23400.367482
2.962000e-04	23394.062145
2.963000e-04	23387.756809
2.964000e-04	23381.451473
2.965000e-04	23375.146137
2.966000e-04	23368.840800
2.967000e-04	23362.535464
2.968000e-04	23356.230128
2.969000e-04	23349.924792
2.970000e-04	23343.619455
2.971000e-04	23337.314119
2.972000e-04	23331.008783
2.973000e-04	23324.703446
2.974000e-04	23318.398110
2.975000e-04	23312.092774
2.976000e-04	23305.787438
2.977000e-04	23299.482101
2.978000e-04	23293.176765
2.979000e-04	23286.871429
2.980000e-04	23280.566092
2.981000e-04	23274.260756
2.982000e-04	23267.955420
2.983000e-04	23261.650084
2.984000e-04	23255.344747
2.985000e-04	23249.039411
2.986000e-04	23242.734075
2.987000e-04	23236.428738
2.988000e-04	23230.123402
2.989000e-04	23223.818066
2.990000e-04	23217.512730
2.991000e-04	23211.207393
2.992000e-04	23204.902057
2.993000e-04	23198.596721
2.994000e-04	23192.291385
2.995000e-04	23185.986048
2.996000e-04	23179.680712
2.997000e-04	23173.375376
2.998000e-04	23167.070039
2.999000e-04	23160.764703
3.000000e-04	23154.459367
3.001000e-04	23148.154031
3.002000e-04	23141.848694
3.003000e-04	23135.543358
3.004000e-04	23129.238022
3.005000e-04	23122.932685
3.006000e-04	23116.627349
3.007000e-04	23110.322013
3.008000e-04	23104.016677
3.009000e-04	23097.711340
3.010000e-04	23091.406004
3.011000e-04	23085.100668
3.012000e-04	23078.795331
3.013000e-04	23072.489995
3.014000e-04	23066.184659
3.015000e-04	23059.879323
3.016000e-04	23053.573986
3.017000e-04	23047.268650
3.018000e-04	23040.963314
3.019000e-04	23034.657977
3.020000e-04	23028.352641
3.021000e-04	23022.047305
3.022000e-04	23015.741969
3.023000e-04	23009.436632
3.024000e-04	23003.131296
3.025000e-04	22996.825960
3.026000e-04	22990.520624
3.027000e-04	22984.215287
3.028000e-04	22977.909951
3.029000e-04	22971.604615
3.030000e-04	22965.299278
3.031000e-04	22958.993942
3.032000e-04	22952.688606
3.033000e-04	22946.383270
3.034000e-04	22940.077933
3.035000e-04	22933.772597
3.036000e-04	22927.467261
3.037000e-04	22921.161924
3.038000e-04	22914.856588
3.039000e-04	22908.551252
3.040000e-04	22902.245916
3.041000e-04	22895.940579
3.042000e-04	22889.635243
3.043000e-04	22883.329907
3.044000e-04	22877.024570
3.045000e-04	22870.719234
3.046000e-04	22864.413898
3.047000e-04	22858.108562
3.048000e-04	22851.803225
3.049000e-04	22845.497889
3.050000e-04	22839.192553
3.051000e-04	22832.887217
3.052000e-04	22826.581880
3.053000e-04	22820.276544
3.054000e-04	22813.971208
3.055000e-04	22807.665871
3.056000e-04	22801.360535
3.057000e-04	22795.055199
3.058000e-04	22788.749863
3.059000e-04	22782.444526
3.060000e-04	22776.139190
3.061000e-04	22769.833854
3.062000e-04	22763.528517
3.063000e-04	22757.223181
3.064000e-04	22750.917845
3.065000e-04	22744.612509
3.066000e-04	22738.307172
3.067000e-04	22732.001836
3.068000e-04	22725.696500
3.069000e-04	22719.391163
3.070000e-04	22713.085827
3.071000e-04	22706.780491
3.072000e-04	22700.475155
3.073000e-04	22694.169818
3.074000e-04	22687.864482
3.075000e-04	22681.559146
3.076000e-04	22675.253810
3.077000e-04	22668.948473
3.078000e-04	22662.643137
3.079000e-04	22656.337801
3.080000e-04	22650.032464
3.081000e-04	22643.727128
3.082000e-04	22637.421792
3.083000e-04	22631.116456
3.084000e-04	22624.811119
3.085000e-04	22618.505783
3.086000e-04	22612.200447
3.087000e-04	22605.895110
3.088000e-04	22599.589774
3.089000e-04	22593.284438
3.090000e-04	22586.979102
3.091000e-04	22580.673765
3.092000e-04	22574.368429
3.093000e-04	22568.063093
3.094000e-04	22561.757756
3.095000e-04	22555.452420
3.096000e-04	22549.147084
3.097000e-04	22542.841748
3.098000e-04	22536.536411
3.099000e-04	22530.231075
3.100000e-04	22523.925739
3.101000e-04	22517.620402
3.102000e-04	22511.315066
3.103000e-04	22505.009730
3.104000e-04	22498.704394
3.105000e-04	22492.399057
3.106000e-04	22486.093721
3.107000e-04	22479.788385
3.108000e-04	22473.483049
3.109000e-04	22467.177712
3.110000e-04	22460.872376
3.111000e-04	22454.567040
3.112000e-04	22448.261703
3.113000e-04	22441.956367
3.114000e-04	22435.651031
3.115000e-04	22429.345695
3.116000e-04	22423.040358
3.117000e-04	22416.735022
3.118000e-04	22410.429686
3.119000e-04	22404.124349
3.120000e-04	22397.819013
3.121000e-04	22391.513677
3.122000e-04	22385.208341
3.123000e-04	22378.903004
3.124000e-04	22372.597668
3.125000e-04	22366.292332
3.126000e-04	22359.986995
3.127000e-04	22353.681659
3.128000e-04	22347.376323
3.129000e-04	22341.070987
3.130000e-04	22334.765650
3.131000e-04	22328.460314
3.132000e-04	22322.154978
3.133000e-04	22315.849642
3.134000e-04	22309.544305
3.135000e-04	22303.238969
3.136000e-04	22296.933633
3.137000e-04	22290.628296
3.138000e-04	22284.322960
3.139000e-04	22278.017624
3.140000e-04	22271.712288
3.141000e-04	22265.406951
3.142000e-04	22259.101615
3.143000e-04	22252.796279
3.144000e-04	22246.490942
3.145000e-04	22240.185606
3.146000e-04	22233.880270
3.147000e-04	22227.574934
3.148000e-04	22221.269597
3.149000e-04	22214.964261
3.150000e-04	22208.658925
3.151000e-04	22202.353588
3.152000e-04	22196.048252
3.153000e-04	22189.742916
3.154000e-04	22183.437580
3.155000e-04	22177.132243
3.156000e-04	22170.826907
3.157000e-04	22164.521571
3.158000e-04	22158.216234
3.159000e-04	22151.910898
3.160000e-04	22145.605562
3.161000e-04	22139.300226
3.162000e-04	22132.994889
3.163000e-04	22126.689553
3.164000e-04	22120.384217
3.165000e-04	22114.078881
3.166000e-04	22107.773544
3.167000e-04	22101.468208
3.168000e-04	22095.162872
3.169000e-04	22088.857535
3.170000e-04	22082.552199
3.171000e-04	22076.246863
3.172000e-04	22069.941527
3.173000e-04	22063.636190
3.174000e-04	22057.330854
3.175000e-04	22051.025518
3.176000e-04	22044.720181
3.177000e-04	22038.414845
3.178000e-04	22032.109509
3.179000e-04	22025.804173
3.180000e-04	22019.498836
3.181000e-04	22013.193500
3.182000e-04	22006.888164
3.183000e-04	22000.582827
3.184000e-04	21994.277491
3.185000e-04	21987.972155
3.186000e-04	21981.666819
3.187000e-04	21975.361482
3.188000e-04	21969.056146
3.189000e-04	21962.750810
3.190000e-04	21956.445474
3.191000e-04	21950.140137
3.192000e-04	21943.834801
3.193000e-04	21937.529465
3.194000e-04	21931.224128
3.195000e-04	21924.918792
3.196000e-04	21918.613456
3.197000e-04	21912.308120
3.198000e-04	21906.002783
3.199000e-04	21899.697447
3.200000e-04	21893.392111
3.201000e-04	21887.086774
3.202000e-04	21880.781438
3.203000e-04	21874.476102
3.204000e-04	21868.170766
3.205000e-04	21861.865429
3.206000e-04	21855.560093
3.207000e-04	21849.254757
3.208000e-04	21842.949420
3.209000e-04	21836.644084
3.210000e-04	21830.338748
3.211000e-04	21824.033412
3.212000e-04	21817.728075
3.213000e-04	21811.422739
3.214000e-04	21805.117403
3.215000e-04	21798.812067
3.216000e-04	21792.506730
3.217000e-04	21786.201394
3.218000e-04	21779.896058
3.219000e-04	21773.590721
3.220000e-04	21767.285385
3.221000e-04	21760.980049
3.222000e-04	21754.674713
3.223000e-04	21748.369376
3.224000e-04	21742.064040
3.225000e-04	21735.758704
3.226000e-04	21729.453367
3.227000e-04	21723.148031
3.228000e-04	21716.842695
3.229000e-04	21710.537359
3.230000e-04	21704.232022
3.231000e-04	21697.926686
3.232000e-04	21691.621350
3.233000e-04	21685.316013
3.234000e-04	21679.010677
3.235000e-04	21672.705341
3.236000e-04	21666.400005
3.237000e-04	21660.094668
3.238000e-04	21653.789332
3.239000e-04	21647.483996
3.240000e-04	21641.178659
3.241000e-04	21634.873323
3.242000e-04	21628.567987
3.243000e-04	21622.262651
3.244000e-04	21615.957314
3.245000e-04	21609.651978
3.246000e-04	21603.346642
3.247000e-04	21597.041306
3.248000e-04	21590.735969
3.249000e-04	21584.430633
3.250000e-04	21578.125297
3.251000e-04	21571.819960
3.252000e-04	21565.514624
3.253000e-04	21559.209288
3.254000e-04	21552.903952
3.255000e-04	21546.598615
3.256000e-04	21540.293279
3.257000e-04	21533.987943
3.258000e-04	21527.682606
3.259000e-04	21521.377270
3.260000e-04	21515.071934
3.261000e-04	21508.766598
3.262000e-04	21502.461261
3.263000e-04	21496.155925
3.264000e-04	21489.850589
3.265000e-04	21483.545252
3.266000e-04	21477.239916
3.267000e-04	21470.934580
3.268000e-04	21464.629244
3.269000e-04	21458.323907
3.270000e-04	21452.018571
3.271000e-04	21445.713235
3.272000e-04	21439.407899
3.273000e-04	21433.102562
3.274000e-04	21426.797226
3.275000e-04	21420.491890
3.276000e-04	21414.186553
3.277000e-04	21407.881217
3.278000e-04	21401.575881
3.279000e-04	21395.270545
3.280000e-04	21388.965208
3.281000e-04	21382.659872
3.282000e-04	21376.354536
3.283000e-04	21370.049199
3.284000e-04	21363.743863
3.285000e-04	21357.438527
3.286000e-04	21351.133191
3.287000e-04	21344.827854
3.288000e-04	21338.522518
3.289000e-04	21332.217182
3.290000e-04	21325.911845
3.291000e-04	21319.606509
3.292000e-04	21313.301173
3.293000e-04	21306.995837
3.294000e-04	21300.690500
3.295000e-04	21294.385164
3.296000e-04	21288.079828
3.297000e-04	21281.774491
3.298000e-04	21275.469155
3.299000e-04	21269.163819
3.300000e-04	21262.858483
3.301000e-04	21256.553146
3.302000e-04	21250.247810
3.303000e-04	21243.942474
3.304000e-04	21237.637138
3.305000e-04	21231.331801
3.306000e-04	21225.026465
3.307000e-04	21218.721129
3.308000e-04	21212.415792
3.309000e-04	21206.110456
3.310000e-04	21199.805120
3.311000e-04	21193.499784
3.312000e-04	21187.194447
3.313000e-04	21180.889111
3.314000e-04	21174.583775
3.315000e-04	21168.278438
3.316000e-04	21161.973102
3.317000e-04	21155.667766
3.318000e-04	21149.362430
3.319000e-04	21143.057093
3.320000e-04	21136.751757
3.321000e-04	21130.446421
3.322000e-04	21124.141084
3.323000e-04	21117.835748
3.324000e-04	21111.530412
3.325000e-04	21105.225076
3.326000e-04	21098.919739
3.327000e-04	21092.614403
3.328000e-04	21086.309067
3.329000e-04	21080.003731
3.330000e-04	21073.698394
3.331000e-04	21067.393058
3.332000e-04	21061.087722
3.333000e-04	21054.782385
3.334000e-04	21048.477049
3.335000e-04	21042.171713
3.336000e-04	21035.866377
3.337000e-04	21029.561040
3.338000e-04	21023.255704
3.339000e-04	21016.950368
3.340000e-04	21010.645031
3.341000e-04	21004.339695
3.342000e-04	20998.034359
3.343000e-04	20991.729023
3.344000e-04	20985.423686
3.345000e-04	20979.118350
3.346000e-04	20972.813014
3.347000e-04	20966.507677
3.348000e-04	20960.202341
3.349000e-04	20953.897005
3.350000e-04	20947.591669
3.351000e-04	20941.286332
3.352000e-04	20934.980996
3.353000e-04	20928.675660
3.354000e-04	20922.370324
3.355000e-04	20916.064987
3.356000e-04	20909.759651
3.357000e-04	20903.454315
3.358000e-04	20897.148978
3.359000e-04	20890.843642
3.360000e-04	20884.538306
3.361000e-04	20878.232970
3.362000e-04	20871.927633
3.363000e-04	20865.622297
3.364000e-04	20859.316961
3.365000e-04	20853.011624
3.366000e-04	20846.706288
3.367000e-04	20840.400952
3.368000e-04	20834.095616
3.369000e-04	20827.790279
3.370000e-04	20821.484943
3.371000e-04	20815.179607
3.372000e-04	20808.874270
3.373000e-04	20802.568934
3.374000e-04	20796.263598
3.375000e-04	20789.958262
3.376000e-04	20783.652925
3.377000e-04	20777.347589
3.378000e-04	20771.042253
3.379000e-04	20764.736916
3.380000e-04	20758.431580
3.381000e-04	20752.126244
3.382000e-04	20745.820908
3.383000e-04	20739.515571
3.384000e-04	20733.210235
3.385000e-04	20726.904899
3.386000e-04	20720.599563
3.387000e-04	20714.294226
3.388000e-04	20707.988890
3.389000e-04	20701.683554
3.390000e-04	20695.378217
3.391000e-04	20689.072881
3.392000e-04	20682.767545
3.393000e-04	20676.462209
3.394000e-04	20670.156872
3.395000e-04	20663.851536
3.396000e-04	20657.546200
3.397000e-04	20651.240863
3.398000e-04	20644.935527
3.399000e-04	20638.630191
3.400000e-04	20632.324855
3.401000e-04	20626.019518
3.402000e-04	20619.714182
3.403000e-04	20613.408846
3.404000e-04	20607.103509
3.405000e-04	20600.798173
3.406000e-04	20594.492837
3.407000e-04	20588.187501
3.408000e-04	20581.882164
3.409000e-04	20575.576828
3.410000e-04	20569.271492
3.411000e-04	20562.966156
3.412000e-04	20556.660819
3.413000e-04	20550.355483
3.414000e-04	20544.050147
3.415000e-04	20537.744810
3.416000e-04	20531.439474
3.417000e-04	20525.134138
3.418000e-04	20518.828802
3.419000e-04	20512.523465
3.420000e-04	20506.218129
3.421000e-04	20499.912793
3.422000e-04	20493.607456
3.423000e-04	20487.302120
3.424000e-04	20480.996784
3.425000e-04	20474.691448
3.426000e-04	20468.386111
3.427000e-04	20462.080775
3.428000e-04	20455.775439
3.429000e-04	20449.470102
3.430000e-04	20443.164766
3.431000e-04	20436.859430
3.432000e-04	20430.554094
3.433000e-04	20424.248757
3.434000e-04	20417.943421
3.435000e-04	20411.638085
3.436000e-04	20405.332748
3.437000e-04	20399.027412
3.438000e-04	20392.722076
3.439000e-04	20386.416740
3.440000e-04	20380.111403
3.441000e-04	20373.806067
3.442000e-04	20367.500731
3.443000e-04	20361.195395
3.444000e-04	20354.890058
3.445000e-04	20348.584722
3.446000e-04	20342.279386
3.447000e-04	20335.974049
3.448000e-04	20329.668713
3.449000e-04	20323.363377
3.450000e-04	20317.058041
3.451000e-04	20310.752704
3.452000e-04	20304.447368
3.453000e-04	20298.142032
3.454000e-04	20291.836695
3.455000e-04	20285.531359
3.456000e-04	20279.226023
3.457000e-04	20272.920687
3.458000e-04	20266.615350
3.459000e-04	20260.310014
3.460000e-04	20254.004678
3.461000e-04	20247.699341
3.462000e-04	20241.394005
3.463000e-04	20235.088669
3.464000e-04	20228.783333
3.465000e-04	20222.477996
3.466000e-04	20216.172660
3.467000e-04	20209.867324
3.468000e-04	20203.561988
3.469000e-04	20197.256651
3.470000e-04	20190.951315
3.471000e-04	20184.645979
3.472000e-04	20178.340642
3.473000e-04	20172.035306
3.474000e-04	20165.729970
3.475000e-04	20159.424634
3.476000e-04	20153.119297
3.477000e-04	20146.813961
3.478000e-04	20140.508625
3.479000e-04	20134.203288
3.480000e-04	20127.897952
3.481000e-04	20121.592616
3.482000e-04	20115.287280
3.483000e-04	20108.981943
3.484000e-04	20102.676607
3.485000e-04	20096.371271
3.486000e-04	20090.065934
3.487000e-04	20083.760598
3.488000e-04	20077.455262
3.489000e-04	20071.149926
3.490000e-04	20064.844589
3.491000e-04	20058.539253
3.492000e-04	20052.233917
3.493000e-04	20045.928581
3.494000e-04	20039.623244
3.495000e-04	20033.317908
3.496000e-04	20027.012572
3.497000e-04	20020.707235
3.498000e-04	20014.401899
3.499000e-04	20008.096563
3.500000e-04	20001.791227
3.501000e-04	19995.485890
3.502000e-04	19989.180554
3.503000e-04	19982.875218
3.504000e-04	19976.569881
3.505000e-04	19970.264545
3.506000e-04	19963.959209
3.507000e-04	19957.653873
3.508000e-04	19951.348536
3.509000e-04	19945.043200
3.510000e-04	19938.737864
3.511000e-04	19932.432527
3.512000e-04	19926.127191
3.513000e-04	19919.821855
3.514000e-04	19913.516519
3.515000e-04	19907.211182
3.516000e-04	19900.905846
3.517000e-04	19894.600510
3.518000e-04	19888.295173
3.519000e-04	19881.989837
3.520000e-04	19875.684501
3.521000e-04	19869.379165
3.522000e-04	19863.073828
3.523000e-04	19856.768492
3.524000e-04	19850.463156
3.525000e-04	19844.157820
3.526000e-04	19837.852483
3.527000e-04	19831.547147
3.528000e-04	19825.241811
3.529000e-04	19818.936474
3.530000e-04	19812.631138
3.531000e-04	19806.325802
3.532000e-04	19800.020466
3.533000e-04	19793.715129
3.534000e-04	19787.409793
3.535000e-04	19781.104457
3.536000e-04	19774.799120
3.537000e-04	19768.493784
3.538000e-04	19762.188448
3.539000e-04	19755.883112
3.540000e-04	19749.577775
3.541000e-04	19743.272439
3.542000e-04	19736.967103
3.543000e-04	19730.661766
3.544000e-04	19724.356430
3.545000e-04	19718.051094
3.546000e-04	19711.745758
3.547000e-04	19705.440421
3.548000e-04	19699.135085
3.549000e-04	19692.829749
3.550000e-04	19686.524413
3.551000e-04	19680.219076
3.552000e-04	19673.913740
3.553000e-04	19667.608404
3.554000e-04	19661.303067
3.555000e-04	19654.997731
3.556000e-04	19648.692395
3.557000e-04	19642.387059
3.558000e-04	19636.081722
3.559000e-04	19629.776386
3.560000e-04	19623.471050
3.561000e-04	19617.165713
3.562000e-04	19610.860377
3.563000e-04	19604.555041
3.564000e-04	19598.249705
3.565000e-04	19591.944368
3.566000e-04	19585.639032
3.567000e-04	19579.333696
3.568000e-04	19573.028359
3.569000e-04	19566.723023
3.570000e-04	19560.417687
3.571000e-04	19554.112351
3.572000e-04	19547.807014
3.573000e-04	19541.501678
3.574000e-04	19535.196342
3.575000e-04	19528.891005
3.576000e-04	19522.585669
3.577000e-04	19516.280333
3.578000e-04	19509.974997
3.579000e-04	19503.669660
3.580000e-04	19497.364324
3.581000e-04	19491.058988
3.582000e-04	19484.753652
3.583000e-04	19478.448315
3.584000e-04	19472.142979
3.585000e-04	19465.837643
3.586000e-04	19459.532306
3.587000e-04	19453.226970
3.588000e-04	19446.921634
3.589000e-04	19440.616298
3.590000e-04	19434.310961
3.591000e-04	19428.005625
3.592000e-04	19421.700289
3.593000e-04	19415.394952
3.594000e-04	19409.089616
3.595000e-04	19402.784280
3.596000e-04	19396.478944
3.597000e-04	19390.173607
3.598000e-04	19383.868271
3.599000e-04	19377.562935
3.600000e-04	19371.257598
3.601000e-04	19364.952262
3.602000e-04	19358.646926
3.603000e-04	19352.341590
3.604000e-04	19346.036253
3.605000e-04	19339.730917
3.606000e-04	19333.425581
3.607000e-04	19327.120245
3.608000e-04	19320.814908
3.609000e-04	19314.509572
3.610000e-04	19308.204236
3.611000e-04	19301.898899
3.612000e-04	19295.593563
3.613000e-04	19289.288227
3.614000e-04	19282.982891
3.615000e-04	19276.677554
3.616000e-04	19270.372218
3.617000e-04	19264.066882
3.618000e-04	19257.761545
3.619000e-04	19251.456209
3.620000e-04	19245.150873
3.621000e-04	19238.845537
3.622000e-04	19232.540200
3.623000e-04	19226.234864
3.624000e-04	19219.929528
3.625000e-04	19213.624191
3.626000e-04	19207.318855
3.627000e-04	19201.013519
3.628000e-04	19194.708183
3.629000e-04	19188.402846
3.630000e-04	19182.097510
3.631000e-04	19175.792174
3.632000e-04	19169.486838
3.633000e-04	19163.181501
3.634000e-04	19156.876165
3.635000e-04	19150.570829
3.636000e-04	19144.265492
3.637000e-04	19137.960156
3.638000e-04	19131.654820
3.639000e-04	19125.349484
3.640000e-04	19119.044147
3.641000e-04	19112.738811
3.642000e-04	19106.433475
3.643000e-04	19100.128138
3.644000e-04	19093.822802
3.645000e-04	19087.517466
3.646000e-04	19081.212130
3.647000e-04	19074.906793
3.648000e-04	19068.601457
3.649000e-04	19062.296121
3.650000e-04	19055.990784
3.651000e-04	19049.685448
3.652000e-04	19043.380112
3.653000e-04	19037.074776
3.654000e-04	19030.769439
3.655000e-04	19024.464103
3.656000e-04	19018.158767
3.657000e-04	19011.853430
3.658000e-04	19005.548094
3.659000e-04	18999.242758
3.660000e-04	18992.937422
3.661000e-04	18986.632085
3.662000e-04	18980.326749
3.663000e-04	18974.021413
3.664000e-04	18967.716077
3.665000e-04	18961.410740
3.666000e-04	18955.105404
3.667000e-04	18948.800068
3.668000e-04	18942.494731
3.669000e-04	18936.189395
3.670000e-04	18929.884059
3.671000e-04	18923.578723
3.672000e-04	18917.273386
3.673000e-04	18910.968050
3.674000e-04	18904.662714
3.675000e-04	18898.357377
3.676000e-04	18892.052041
3.677000e-04	18885.746705
3.678000e-04	18879.441369
3.679000e-04	18873.136032
3.680000e-04	18866.830696
3.681000e-04	18860.525360
3.682000e-04	18854.220023
3.683000e-04	18847.914687
3.684000e-04	18841.609351
3.685000e-04	18835.304015
3.686000e-04	18828.998678
3.687000e-04	18822.693342
3.688000e-04	18816.388006
3.689000e-04	18810.082670
3.690000e-04	18803.777333
3.691000e-04	18797.471997
3.692000e-04	18791.166661
3.693000e-04	18784.861324
3.694000e-04	18778.555988
3.695000e-04	18772.250652
3.696000e-04	18765.945316
3.697000e-04	18759.639979
3.698000e-04	18753.334643
3.699000e-04	18747.029307
3.700000e-04	18740.723970
3.701000e-04	18734.418634
3.702000e-04	18728.113298
3.703000e-04	18721.807962
3.704000e-04	18715.502625
3.705000e-04	18709.197289
3.706000e-04	18702.891953
3.707000e-04	18696.586616
3.708000e-04	18690.281280
3.709000e-04	18683.975944
3.710000e-04	18677.670608
3.711000e-04	18671.365271
3.712000e-04	18665.059935
3.713000e-04	18658.754599
3.714000e-04	18652.449262
3.715000e-04	18646.143926
3.716000e-04	18639.838590
3.717000e-04	18633.533254
3.718000e-04	18627.227917
3.719000e-04	18620.922581
3.720000e-04	18614.617245
3.721000e-04	18608.311909
3.722000e-04	18602.006572
3.723000e-04	18595.701236
3.724000e-04	18589.395900
3.725000e-04	18583.090563
3.726000e-04	18576.785227
3.727000e-04	18570.479891
3.728000e-04	18564.174555
3.729000e-04	18557.869218
3.730000e-04	18551.563882
3.731000e-04	18545.258546
3.732000e-04	18538.953209
3.733000e-04	18532.647873
3.734000e-04	18526.342537
3.735000e-04	18520.037201
3.736000e-04	18513.731864
3.737000e-04	18507.426528
3.738000e-04	18501.121192
3.739000e-04	18494.815855
3.740000e-04	18488.510519
3.741000e-04	18482.205183
3.742000e-04	18475.899847
3.743000e-04	18469.594510
3.744000e-04	18463.289174
3.745000e-04	18456.983838
3.746000e-04	18450.678502
3.747000e-04	18444.373165
3.748000e-04	18438.067829
3.749000e-04	18431.762493
3.750000e-04	18425.457156
3.751000e-04	18419.151820
3.752000e-04	18412.846484
3.753000e-04	18406.541148
3.754000e-04	18400.235811
3.755000e-04	18393.930475
3.756000e-04	18387.625139
3.757000e-04	18381.319802
3.758000e-04	18375.014466
3.759000e-04	18368.709130
3.760000e-04	18362.403794
3.761000e-04	18356.098457
3.762000e-04	18349.793121
3.763000e-04	18343.487785
3.764000e-04	18337.182448
3.765000e-04	18330.877112
3.766000e-04	18324.571776
3.767000e-04	18318.266440
3.768000e-04	18311.961103
3.769000e-04	18305.655767
3.770000e-04	18299.350431
3.771000e-04	18293.045095
3.772000e-04	18286.739758
3.773000e-04	18280.434422
3.774000e-04	18274.129086
3.775000e-04	18267.823749
3.776000e-04	18261.518413
3.777000e-04	18255.213077
3.778000e-04	18248.907741
3.779000e-04	18242.602404
3.780000e-04	18236.297068
3.781000e-04	18229.991732
3.782000e-04	18223.686395
3.783000e-04	18217.381059
3.784000e-04	18211.075723
3.785000e-04	18204.770387
3.786000e-04	18198.465050
3.787000e-04	18192.159714
3.788000e-04	18185.854378
3.789000e-04	18179.549041
3.790000e-04	18173.243705
3.791000e-04	18166.938369
3.792000e-04	18160.633033
3.793000e-04	18154.327696
3.794000e-04	18148.022360
3.795000e-04	18141.717024
3.796000e-04	18135.411687
3.797000e-04	18129.106351
3.798000e-04	18122.801015
3.799000e-04	18116.495679
3.800000e-04	18110.190342
3.801000e-04	18103.885006
3.802000e-04	18097.579670
3.803000e-04	18091.274334
3.804000e-04	18084.968997
3.805000e-04	18078.663661
3.806000e-04	18072.358325
3.807000e-04	18066.052988
3.808000e-04	18059.747652
3.809000e-04	18053.442316
3.810000e-04	18047.136980
3.811000e-04	18040.831643
3.812000e-04	18034.526307
3.813000e-04	18028.220971
3.814000e-04	18021.915634
3.815000e-04	18015.610298
3.816000e-04	18009.304962
3.817000e-04	18002.999626
3.818000e-04	17996.694289
3.819000e-04	17990.388953
3.820000e-04	17984.083617
3.821000e-04	17977.778280
3.822000e-04	17971.472944
3.823000e-04	17965.167608
3.824000e-04	17958.862272
3.825000e-04	17952.556935
3.826000e-04	17946.251599
3.827000e-04	17939.946263
3.828000e-04	17933.640927
3.829000e-04	17927.335590
3.830000e-04	17921.030254
3.831000e-04	17914.724918
3.832000e-04	17908.419581
3.833000e-04	17902.114245
3.834000e-04	17895.808909
3.835000e-04	17889.503573
3.836000e-04	17883.198236
3.837000e-04	17876.892900
3.838000e-04	17870.587564
3.839000e-04	17864.282227
3.840000e-04	17857.976891
3.841000e-04	17851.671555
3.842000e-04	17845.366219
3.843000e-04	17839.060882
3.844000e-04	17832.755546
3.845000e-04	17826.450210
3.846000e-04	17820.144873
3.847000e-04	17813.839537
3.848000e-04	17807.534201
3.849000e-04	17801.228865
3.850000e-04	17794.923528
3.851000e-04	17788.618192
3.852000e-04	17782.312856
3.853000e-04	17776.007519
3.854000e-04	17769.702183
3.855000e-04	17763.396847
3.856000e-04	17757.091511
3.857000e-04	17750.786174
3.858000e-04	17744.480838
3.859000e-04	17738.175502
3.860000e-04	17731.870166
3.861000e-04	17725.564829
3.862000e-04	17719.259493
3.863000e-04	17712.954157
3.864000e-04	17706.648820
3.865000e-04	17700.343484
3.866000e-04	17694.038148
3.867000e-04	17687.732812
3.868000e-04	17681.427475
3.869000e-04	17675.122139
3.870000e-04	17668.816803
3.871000e-04	17662.511466
3.872000e-04	17656.206130
3.873000e-04	17649.900794
3.874000e-04	17643.595458
3.875000e-04	17637.290121
3.876000e-04	17630.984785
3.877000e-04	17624.679449
3.878000e-04	17618.374112
3.879000e-04	17612.068776
3.880000e-04	17605.763440
3.881000e-04	17599.458104
3.882000e-04	17593.152767
3.883000e-04	17586.847431
3.884000e-04	17580.542095
3.885000e-04	17574.236759
3.886000e-04	17567.931422
3.887000e-04	17561.626086
3.888000e-04	17555.320750
3.889000e-04	17549.015413
3.890000e-04	17542.710077
3.891000e-04	17536.404741
3.892000e-04	17530.099405
3.893000e-04	17523.794068
3.894000e-04	17517.488732
3.895000e-04	17511.183396
3.896000e-04	17504.878059
3.897000e-04	17498.572723
3.898000e-04	17492.267387
3.899000e-04	17485.962051
3.900000e-04	17479.656714
3.901000e-04	17473.351378
3.902000e-04	17467.046042
3.903000e-04	17460.740705
3.904000e-04	17454.435369
3.905000e-04	17448.130033
3.906000e-04	17441.824697
3.907000e-04	17435.519360
3.908000e-04	17429.214024
3.909000e-04	17422.908688
3.910000e-04	17416.603352
3.911000e-04	17410.298015
3.912000e-04	17403.992679
3.913000e-04	17397.687343
3.914000e-04	17391.382006
3.915000e-04	17385.076670
3.916000e-04	17378.771334
3.917000e-04	17372.465998
3.918000e-04	17366.160661
3.919000e-04	17359.855325
3.920000e-04	17353.549989
3.921000e-04	17347.244652
3.922000e-04	17340.939316
3.923000e-04	17334.633980
3.924000e-04	17328.328644
3.925000e-04	17322.023307
3.926000e-04	17315.717971
3.927000e-04	17309.412635
3.928000e-04	17303.107298
3.929000e-04	17296.801962
3.930000e-04	17290.496626
3.931000e-04	17284.191290
3.932000e-04	17277.885953
3.933000e-04	17271.580617
3.934000e-04	17265.275281
3.935000e-04	17258.969944
3.936000e-04	17252.664608
3.937000e-04	17246.359272
3.938000e-04	17240.053936
3.939000e-04	17233.748599
3.940000e-04	17227.443263
3.941000e-04	17221.137927
3.942000e-04	17214.832591
3.943000e-04	17208.527254
3.944000e-04	17202.221918
3.945000e-04	17195.916582
3.946000e-04	17189.611245
3.947000e-04	17183.305909
3.948000e-04	17177.000573
3.949000e-04	17170.695237
3.950000e-04	17164.389900
3.951000e-04	17158.084564
3.952000e-04	17151.779228
3.953000e-04	17145.473891
3.954000e-04	17139.168555
3.955000e-04	17132.863219
3.956000e-04	17126.557883
3.957000e-04	17120.252546
3.958000e-04	17113.947210
3.959000e-04	17107.641874
3.960000e-04	17101.336537
3.961000e-04	17095.031201
3.962000e-04	17088.725865
3.963000e-04	17082.420529
3.964000e-04	17076.115192
3.965000e-04	17069.809856
3.966000e-04	17063.504520
3.967000e-04	17057.199184
3.968000e-04	17050.893847
3.969000e-04	17044.588511
3.970000e-04	17038.283175
3.971000e-04	17031.977838
3.972000e-04	17025.672502
3.973000e-04	17019.367166
3.974000e-04	17013.061830
3.975000e-04	17006.756493
3.976000e-04	17000.451157
3.977000e-04	16994.145821
3.978000e-04	16987.840484
3.979000e-04	16981.535148
3.980000e-04	16975.229812
3.981000e-04	16968.924476
3.982000e-04	16962.619139
3.983000e-04	16956.313803
3.984000e-04	16950.008467
3.985000e-04	16943.703130
3.986000e-04	16937.397794
3.987000e-04	16931.092458
3.988000e-04	16924.787122
3.989000e-04	16918.481785
3.990000e-04	16912.176449
3.991000e-04	16905.871113
3.992000e-04	16899.565777
3.993000e-04	16893.260440
3.994000e-04	16886.955104
3.995000e-04	16880.649768
3.996000e-04	16874.344431
3.997000e-04	16868.039095
3.998000e-04	16861.733759
3.999000e-04	16855.428423
4.000000e-04	16849.123086
