1.00032e-06 69.2182
1.00125e-06 80.6313
1.00217e-06 69.1379
1.0031e-06 72.1562
1.00403e-06 75.7452
1.00496e-06 72.5486
1.00589e-06 67.9827
1.00682e-06 79.0422
1.00776e-06 70.2351
1.00869e-06 76.4831
1.00963e-06 74.6074
1.01057e-06 75.8939
1.01151e-06 69.0035
1.01245e-06 70.9562
1.01339e-06 73.5737
1.01433e-06 69.382
1.01528e-06 72.4664
1.01622e-06 68.8495
1.01717e-06 67.036
1.01812e-06 70.0285
1.01907e-06 68.3321
1.02002e-06 74.5357
1.02097e-06 68.6573
1.02192e-06 72.2344
1.02288e-06 71.5954
1.02383e-06 77.1385
1.02479e-06 67.1562
1.02575e-06 70.3016
1.02671e-06 68.8205
1.02767e-06 74.364
1.02863e-06 66.473
1.0296e-06 69.2506
1.03056e-06 68.6146
1.03153e-06 66.4569
1.0325e-06 73.1163
1.03347e-06 70.7796
1.03444e-06 69.6044
1.03541e-06 73.8952
1.03639e-06 70.1795
1.03736e-06 69.9406
1.03834e-06 71.6844
1.03932e-06 70.7246
1.0403e-06 70.7151
1.04128e-06 63.0465
1.04226e-06 71.2934
1.04324e-06 69.1814
1.04423e-06 69.909
1.04521e-06 67.6266
1.0462e-06 70.0239
1.04719e-06 66.3671
1.04818e-06 66.5931
1.04917e-06 67.8899
1.05017e-06 69.7125
1.05116e-06 69.036
1.05216e-06 72.1615
1.05316e-06 73.8924
1.05415e-06 68.384
1.05516e-06 67.7729
1.05616e-06 62.5286
1.05716e-06 66.8788
1.05817e-06 67.7769
1.05917e-06 69.7356
1.06018e-06 64.914
1.06119e-06 65.2273
1.0622e-06 66.7616
1.06321e-06 64.4279
1.06422e-06 68.2733
1.06524e-06 67.3365
1.06625e-06 69.2911
1.06727e-06 68.7767
1.06829e-06 67.0973
1.06931e-06 68.1714
1.07033e-06 65.7522
1.07136e-06 62.5243
1.07238e-06 67.2834
1.07341e-06 65.0446
1.07444e-06 63.9897
1.07547e-06 67.4452
1.0765e-06 64.3545
1.07753e-06 65.0333
1.07856e-06 69.0309
1.0796e-06 67.0515
1.08064e-06 68.9628
1.08167e-06 65.6955
1.08271e-06 60.2087
1.08376e-06 66.1327
1.0848e-06 67.8643
1.08584e-06 66.8081
1.08689e-06 67.3812
1.08794e-06 64.5817
1.08899e-06 68.17
1.09004e-06 65.4426
1.09109e-06 64.045
1.09214e-06 67.7457
1.0932e-06 71.1092
1.09425e-06 61.2147
1.09531e-06 60.8585
1.09637e-06 66.6171
1.09743e-06 62.035
1.09849e-06 65.8089
1.09956e-06 63.2356
1.10062e-06 67.259
1.10169e-06 61.654
1.10276e-06 64.4365
1.10383e-06 59.6241
1.1049e-06 63.1132
1.10598e-06 57.9284
1.10705e-06 62.4611
1.10813e-06 59.3059
1.10921e-06 61.0265
1.11029e-06 68.5524
1.11137e-06 59.7704
1.11245e-06 63.4374
1.11354e-06 62.2329
1.11462e-06 64.4096
1.11571e-06 64.6161
1.1168e-06 65.0858
1.11789e-06 62.788
1.11898e-06 62.5833
1.12008e-06 61.0978
1.12117e-06 61.8563
1.12227e-06 65.0415
1.12337e-06 61.5853
1.12447e-06 61.4058
1.12557e-06 62.0509
1.12668e-06 63.0843
1.12778e-06 60.4339
1.12889e-06 63.7073
1.13e-06 62.0531
1.13111e-06 60.804
1.13222e-06 62.1116
1.13333e-06 58.1022
1.13445e-06 64.0548
1.13556e-06 64.0665
1.13668e-06 63.886
1.1378e-06 61.9078
1.13893e-06 65.3529
1.14005e-06 62.153
1.14117e-06 64.4361
1.1423e-06 60.7218
1.14343e-06 59.2294
1.14456e-06 63.1931
1.14569e-06 61.5146
1.14683e-06 58.1147
1.14796e-06 56.2894
1.1491e-06 58.0442
1.15024e-06 60.1742
1.15138e-06 57.1997
1.15252e-06 60.1928
1.15366e-06 60.078
1.15481e-06 60.5554
1.15595e-06 61.5545
1.1571e-06 58.6707
1.15825e-06 62.6939
1.15941e-06 62.8993
1.16056e-06 60.1451
1.16172e-06 60.6151
1.16287e-06 57.401
1.16403e-06 57.4455
1.16519e-06 58.1849
1.16636e-06 58.7266
1.16752e-06 62.8847
1.16869e-06 61.6288
1.16985e-06 58.5246
1.17102e-06 60.0442
1.1722e-06 58.9376
1.17337e-06 58.1183
1.17454e-06 57.4863
1.17572e-06 60.5132
1.1769e-06 58.3483
1.17808e-06 59.0285
1.17926e-06 60.4901
1.18044e-06 56.449
1.18163e-06 62.1044
1.18282e-06 56.9914
1.18401e-06 59.908
1.1852e-06 57.4634
1.18639e-06 55.3436
1.18758e-06 62.9965
1.18878e-06 55.519
1.18998e-06 58.6439
1.19118e-06 59.099
1.19238e-06 56.2624
1.19358e-06 57.8342
1.19479e-06 55.1
1.196e-06 56.3517
1.19721e-06 58.152
1.19842e-06 57.3617
1.19963e-06 55.6663
1.20084e-06 58.1204
1.20206e-06 58.7587
1.20328e-06 53.5975
1.2045e-06 61.2462
1.20572e-06 56.0316
1.20694e-06 58.1507
1.20817e-06 57.7326
1.2094e-06 53.8037
1.21063e-06 57.8887
1.21186e-06 55.969
1.21309e-06 55.0012
1.21433e-06 56.0722
1.21556e-06 54.8647
1.2168e-06 55.3989
1.21804e-06 56.9474
1.21929e-06 54.4184
1.22053e-06 56.3266
1.22178e-06 54.736
1.22303e-06 55.4321
1.22428e-06 56.1859
1.22553e-06 55.3463
1.22678e-06 58.5667
1.22804e-06 55.0577
1.2293e-06 53.9033
1.23056e-06 54.6171
1.23182e-06 57.6666
1.23308e-06 53.7696
1.23435e-06 56.0947
1.23562e-06 56.3788
1.23689e-06 56.2096
1.23816e-06 54.2222
1.23943e-06 54.5434
1.24071e-06 53.5196
1.24198e-06 54.2101
1.24326e-06 54.48
1.24454e-06 55.006
1.24583e-06 52.4873
1.24711e-06 57.3073
1.2484e-06 52.9471
1.24969e-06 53.2588
1.25098e-06 54.5967
1.25227e-06 51.2391
1.25357e-06 51.9323
1.25487e-06 54.8454
1.25617e-06 52.2486
1.25747e-06 55.8535
1.25877e-06 58.5662
1.26008e-06 51.1954
1.26139e-06 52.737
1.26269e-06 54.8892
1.26401e-06 51.8706
1.26532e-06 52.4079
1.26664e-06 51.5255
1.26795e-06 53.0781
1.26927e-06 53.1092
1.2706e-06 52.3084
1.27192e-06 53.9398
1.27325e-06 52.0106
1.27457e-06 48.3292
1.2759e-06 53.0897
1.27724e-06 53.7336
1.27857e-06 53.5916
1.27991e-06 49.5909
1.28125e-06 51.555
1.28259e-06 53.1703
1.28393e-06 50.7557
1.28527e-06 50.5719
1.28662e-06 50.0922
1.28797e-06 50.5015
1.28932e-06 53.1779
1.29067e-06 52.911
1.29203e-06 50.671
1.29339e-06 52.2553
1.29475e-06 49.6297
1.29611e-06 51.4099
1.29747e-06 55.3868
1.29884e-06 49.2913
1.30021e-06 51.0507
1.30158e-06 52.8264
1.30295e-06 49.9474
1.30433e-06 50.5931
1.3057e-06 51.4026
1.30708e-06 54.2421
1.30846e-06 48.6561
1.30985e-06 52.0267
1.31123e-06 50.505
1.31262e-06 49.8888
1.31401e-06 49.939
1.3154e-06 52.1842
1.3168e-06 49.0831
1.31819e-06 50.6288
1.31959e-06 51.8721
1.32099e-06 53.9572
1.3224e-06 45.8171
1.3238e-06 48.5989
1.32521e-06 49.45
1.32662e-06 48.0617
1.32804e-06 50.7372
1.32945e-06 48.8469
1.33087e-06 50.7575
1.33229e-06 48.8874
1.33371e-06 50.8358
1.33513e-06 47.3329
1.33656e-06 47.0325
1.33799e-06 49.7714
1.33942e-06 47.5509
1.34085e-06 51.0782
1.34229e-06 50.0205
1.34372e-06 49.2033
1.34516e-06 48.7667
1.3466e-06 48.7792
1.34805e-06 51.0417
1.3495e-06 50.3032
1.35095e-06 49.0078
1.3524e-06 49.5008
1.35385e-06 50.8631
1.35531e-06 48.4703
1.35677e-06 48.4782
1.35823e-06 47.0152
1.35969e-06 49.3672
1.36116e-06 48.228
1.36262e-06 52.0872
1.36409e-06 47.1293
1.36557e-06 47.7
1.36704e-06 50.7879
1.36852e-06 45.4311
1.37e-06 47.6749
1.37148e-06 45.9646
1.37297e-06 49.4251
1.37445e-06 46.3599
1.37594e-06 49.6511
1.37744e-06 45.803
1.37893e-06 45.7912
1.38043e-06 48.5064
1.38193e-06 47.2232
1.38343e-06 45.988
1.38493e-06 47.3149
1.38644e-06 52.0261
1.38795e-06 46.2206
1.38946e-06 46.1129
1.39097e-06 47.6293
1.39249e-06 47.2672
1.39401e-06 48.2246
1.39553e-06 46.2041
1.39705e-06 46.0449
1.39858e-06 49.3899
1.40011e-06 45.6795
1.40164e-06 46.1915
1.40318e-06 44.9485
1.40471e-06 49.6585
1.40625e-06 46.7158
1.40779e-06 44.5298
1.40934e-06 44.9149
1.41088e-06 48.2555
1.41243e-06 45.4586
1.41399e-06 46.5005
1.41554e-06 45.628
1.4171e-06 46.8098
1.41866e-06 43.6689
1.42022e-06 46.1461
1.42178e-06 45.5365
1.42335e-06 46.7147
1.42492e-06 44.0906
1.42649e-06 47.5581
1.42807e-06 47.1063
1.42964e-06 44.835
1.43122e-06 41.8934
1.43281e-06 44.9098
1.43439e-06 46.1347
1.43598e-06 47.5296
1.43757e-06 42.9881
1.43917e-06 42.9781
1.44076e-06 44.1738
1.44236e-06 45.8605
1.44396e-06 41.514
1.44557e-06 43.5595
1.44717e-06 45.0964
1.44878e-06 42.8078
1.45039e-06 46.5086
1.45201e-06 45.4093
1.45363e-06 44.1421
1.45525e-06 42.8127
1.45687e-06 43.6004
1.4585e-06 46.2173
1.46012e-06 42.9754
1.46175e-06 45.5275
1.46339e-06 43.688
1.46502e-06 43.7371
1.46666e-06 44.1902
1.46831e-06 45.8424
1.46995e-06 44.1674
1.4716e-06 45.0466
1.47325e-06 42.1026
1.4749e-06 42.4074
1.47656e-06 40.1957
1.47822e-06 43.6433
1.47988e-06 46.4774
1.48154e-06 41.7087
1.48321e-06 45.8469
1.48488e-06 42.7497
1.48655e-06 42.9693
1.48823e-06 39.6596
1.48991e-06 40.9417
1.49159e-06 41.7334
1.49327e-06 44.503
1.49496e-06 41.9492
1.49665e-06 42.3318
1.49834e-06 44.266
1.50004e-06 44.6565
1.50173e-06 43.6664
1.50344e-06 44.8588
1.50514e-06 42.6838
1.50685e-06 42.1042
1.50856e-06 38.2362
1.51027e-06 41.7996
1.51199e-06 42.9884
1.5137e-06 41.0303
1.51543e-06 43.0827
1.51715e-06 42.1219
1.51888e-06 40.8752
1.52061e-06 41.1052
1.52234e-06 39.3834
1.52408e-06 39.7472
1.52582e-06 41.1318
1.52756e-06 39.4693
1.52931e-06 40.2934
1.53105e-06 43.2248
1.53281e-06 41.4864
1.53456e-06 41.976
1.53632e-06 41.5704
1.53808e-06 40.6765
1.53984e-06 42.9323
1.54161e-06 41.5162
1.54338e-06 39.988
1.54515e-06 42.097
1.54693e-06 42.2818
1.5487e-06 41.9146
1.55049e-06 38.431
1.55227e-06 37.6142
1.55406e-06 39.8757
1.55585e-06 43.1769
1.55764e-06 40.6512
1.55944e-06 42.4935
1.56124e-06 37.3908
1.56305e-06 36.2085
1.56485e-06 39.1075
1.56666e-06 39.8037
1.56847e-06 38.6727
1.57029e-06 37.3079
1.57211e-06 39.8553
1.57393e-06 39.7273
1.57576e-06 39.0027
1.57759e-06 40.8318
1.57942e-06 41.0877
1.58125e-06 39.0584
1.58309e-06 38.7443
1.58493e-06 39.2081
1.58678e-06 36.6902
1.58863e-06 39.4107
1.59048e-06 39.0854
1.59233e-06 38.1213
1.59419e-06 41.3292
1.59605e-06 38.969
1.59791e-06 40.439
1.59978e-06 38.3727
1.60165e-06 39.3889
1.60353e-06 39.5201
1.6054e-06 34.7118
1.60728e-06 38.0222
1.60917e-06 37.5997
1.61105e-06 38.7612
1.61294e-06 40.0509
1.61484e-06 37.6446
1.61674e-06 37.2787
1.61864e-06 36.3411
1.62054e-06 38.4384
1.62245e-06 36.8052
1.62436e-06 37.6934
1.62627e-06 39.6529
1.62819e-06 36.8474
1.63011e-06 38.0044
1.63203e-06 39.4382
1.63396e-06 37.1491
1.63589e-06 37.7536
1.63783e-06 38.1037
1.63976e-06 36.2871
1.64171e-06 36.081
1.64365e-06 38.1525
1.6456e-06 38.7351
1.64755e-06 36.8344
1.64951e-06 37.7618
1.65146e-06 38.3363
1.65343e-06 37.2055
1.65539e-06 36.7944
1.65736e-06 37.1731
1.65933e-06 37.2146
1.66131e-06 38.3434
1.66329e-06 38.8267
1.66527e-06 37.5919
1.66726e-06 36.9966
1.66925e-06 36.6812
1.67124e-06 37.4052
1.67324e-06 37.3836
1.67524e-06 36.5551
1.67725e-06 37.6769
1.67925e-06 35.8316
1.68127e-06 35.6916
1.68328e-06 36.7464
1.6853e-06 36.3169
1.68732e-06 37.1839
1.68935e-06 35.9925
1.69138e-06 34.7999
1.69341e-06 35.9518
1.69545e-06 36.4508
1.69749e-06 32.0308
1.69954e-06 37.8454
1.70158e-06 34.8187
1.70364e-06 34.1504
1.70569e-06 35.5182
1.70775e-06 35.8634
1.70982e-06 35.1886
1.71188e-06 34.9829
1.71395e-06 36.676
1.71603e-06 35.9578
1.71811e-06 34.5418
1.72019e-06 34.8048
1.72227e-06 38.8401
1.72436e-06 33.4481
1.72646e-06 33.1647
1.72855e-06 33.8397
1.73066e-06 34.4783
1.73276e-06 34.5947
1.73487e-06 35.1541
1.73698e-06 34.5776
1.7391e-06 33.5017
1.74122e-06 31.8597
1.74334e-06 33.3412
1.74547e-06 35.5966
1.7476e-06 33.2451
1.74974e-06 35.9107
1.75188e-06 33.0101
1.75402e-06 36.0311
1.75617e-06 34.1821
1.75832e-06 32.2197
1.76048e-06 34.7285
1.76264e-06 33.7746
1.7648e-06 33.6176
1.76697e-06 35.251
1.76914e-06 35.1116
1.77132e-06 32.4764
1.77349e-06 33.4417
1.77568e-06 32.8788
1.77787e-06 33.817
1.78006e-06 34.9208
1.78225e-06 32.822
1.78445e-06 32.7098
1.78666e-06 35.2441
1.78886e-06 34.2006
1.79108e-06 33.8902
1.79329e-06 32.8927
1.79551e-06 34.0859
1.79774e-06 33.7372
1.79997e-06 33.7673
1.8022e-06 34.1107
1.80444e-06 33.9009
1.80668e-06 31.3956
1.80892e-06 31.5709
1.81117e-06 31.7862
1.81342e-06 31.379
1.81568e-06 31.4572
1.81794e-06 33.8939
1.82021e-06 33.7802
1.82248e-06 33.4688
1.82476e-06 31.1424
1.82703e-06 33.1877
1.82932e-06 33.2782
1.83161e-06 32.1713
1.8339e-06 31.4822
1.83619e-06 33.89
1.83849e-06 32.902
1.8408e-06 31.7093
1.84311e-06 31.314
1.84542e-06 30.8546
1.84774e-06 34.539
1.85006e-06 30.3592
1.85239e-06 30.5063
1.85472e-06 31.0385
1.85705e-06 33.5408
1.85939e-06 31.4758
1.86174e-06 31.2372
1.86409e-06 31.8012
1.86644e-06 31.6443
1.8688e-06 32.0488
1.87116e-06 32.1037
1.87353e-06 31.1154
1.8759e-06 31.6512
1.87827e-06 33.4649
1.88065e-06 32.3528
1.88304e-06 30.6486
1.88543e-06 31.1832
1.88782e-06 32.6539
1.89022e-06 29.6149
1.89262e-06 29.7655
1.89503e-06 31.5128
1.89744e-06 30.305
1.89986e-06 29.9676
1.90228e-06 31.4018
1.9047e-06 29.9697
1.90713e-06 31.5652
1.90957e-06 31.7827
1.91201e-06 29.5248
1.91445e-06 31.2179
1.9169e-06 28.3682
1.91936e-06 29.7151
1.92181e-06 30.2105
1.92428e-06 30.1687
1.92675e-06 30.3626
1.92922e-06 30.8722
1.9317e-06 33.1568
1.93418e-06 30.1516
1.93666e-06 29.6293
1.93916e-06 29.1211
1.94165e-06 31.1607
1.94415e-06 30.4599
1.94666e-06 30.0676
1.94917e-06 29.6525
1.95169e-06 31.5104
1.95421e-06 30.0963
1.95674e-06 29.0079
1.95927e-06 31.4381
1.9618e-06 31.0604
1.96434e-06 29.2887
1.96689e-06 29.5629
1.96944e-06 29.6308
1.97199e-06 29.6376
1.97455e-06 27.3926
1.97712e-06 29.8542
1.97969e-06 30.4884
1.98226e-06 28.3415
1.98485e-06 29.3257
1.98743e-06 29.0756
1.99002e-06 29.3863
1.99262e-06 28.4217
1.99522e-06 28.592
1.99782e-06 28.8649
2.00043e-06 28.9779
2.00305e-06 29.06
2.00567e-06 28.2066
2.0083e-06 29.7626
2.01093e-06 26.9604
2.01357e-06 28.1344
2.01621e-06 30.3369
2.01885e-06 27.1434
2.02151e-06 27.6479
2.02416e-06 27.9962
2.02683e-06 27.8377
2.02949e-06 28.647
2.03217e-06 28.2419
2.03485e-06 27.3719
2.03753e-06 29.6891
2.04022e-06 27.7089
2.04291e-06 27.4185
2.04561e-06 28.7286
2.04832e-06 27.0599
2.05103e-06 27.7447
2.05375e-06 28.1751
2.05647e-06 27.3468
2.05919e-06 27.6332
2.06193e-06 28.0173
2.06466e-06 28.0064
2.06741e-06 27.584
2.07015e-06 26.7857
2.07291e-06 27.3713
2.07567e-06 27.2543
2.07843e-06 26.7682
2.0812e-06 24.505
2.08398e-06 26.928
2.08676e-06 27.5874
2.08955e-06 27.3364
2.09234e-06 27.555
2.09514e-06 26.5541
2.09794e-06 26.3612
2.10075e-06 26.3237
2.10357e-06 24.6608
2.10639e-06 25.4602
2.10922e-06 26.7424
2.11205e-06 26.7611
2.11489e-06 26.2557
2.11773e-06 26.5781
2.12058e-06 25.6015
2.12343e-06 26.5963
2.1263e-06 26.924
2.12916e-06 26.4601
2.13204e-06 26.4222
2.13491e-06 25.7203
2.1378e-06 26.8991
2.14069e-06 27.3584
2.14358e-06 26.007
2.14649e-06 25.7053
2.14939e-06 25.9764
2.15231e-06 27.2224
2.15523e-06 27.2096
2.15815e-06 26.2011
2.16108e-06 24.3521
2.16402e-06 25.1108
2.16696e-06 25.8804
2.16991e-06 25.1856
2.17287e-06 26.476
2.17583e-06 26.5964
2.1788e-06 24.9636
2.18177e-06 25.8673
2.18475e-06 25.0607
2.18774e-06 24.7473
2.19073e-06 25.3248
2.19373e-06 24.7475
2.19673e-06 26.3571
2.19974e-06 27.3951
2.20276e-06 25.9562
2.20578e-06 25.2813
2.20881e-06 25.4493
2.21185e-06 25.8415
2.21489e-06 24.1081
2.21794e-06 24.3859
2.22099e-06 26.4075
2.22405e-06 24.6864
2.22712e-06 24.6386
2.23019e-06 25.7418
2.23327e-06 23.5353
2.23636e-06 25.0643
2.23945e-06 25.7917
2.24255e-06 23.5144
2.24565e-06 25.8872
2.24876e-06 23.46
2.25188e-06 24.8706
2.25501e-06 25.305
2.25814e-06 24.3687
2.26128e-06 23.8752
2.26442e-06 24.3729
2.26757e-06 23.6236
2.27073e-06 23.3427
2.27389e-06 24.2015
2.27706e-06 24.3443
2.28024e-06 24.0955
2.28342e-06 23.4264
2.28661e-06 23.7784
2.28981e-06 23.3472
2.29302e-06 23.4155
2.29623e-06 24.0299
2.29944e-06 23.1765
2.30267e-06 23.5743
2.3059e-06 23.8561
2.30914e-06 22.1744
2.31238e-06 23.5028
2.31563e-06 22.8911
2.31889e-06 23.3673
2.32216e-06 23.0437
2.32543e-06 23.3695
2.32871e-06 23.9782
2.33199e-06 23.2266
2.33529e-06 22.2783
2.33859e-06 22.6536
2.34189e-06 22.6387
2.34521e-06 23.2407
2.34853e-06 23.533
2.35185e-06 24.7816
2.35519e-06 22.9612
2.35853e-06 22.8946
2.36188e-06 22.7773
2.36524e-06 21.3213
2.3686e-06 23.2522
2.37197e-06 22.9119
2.37535e-06 22.1394
2.37874e-06 22.1222
2.38213e-06 23.4948
2.38553e-06 22.2091
2.38893e-06 23.9775
2.39235e-06 23.1234
2.39577e-06 22.2406
2.3992e-06 22.5674
2.40264e-06 23.14
2.40608e-06 22.8132
2.40953e-06 22.783
2.41299e-06 22.7411
2.41645e-06 22.5096
2.41993e-06 23.3001
2.42341e-06 22.3171
2.4269e-06 21.9112
2.43039e-06 22.6427
2.4339e-06 22.2279
2.43741e-06 22.1757
2.44093e-06 21.3637
2.44445e-06 22.7951
2.44799e-06 23.0444
2.45153e-06 22.3375
2.45508e-06 21.6269
2.45864e-06 22.6295
2.4622e-06 21.6956
2.46577e-06 21.7103
2.46935e-06 22.1284
2.47294e-06 22.3821
2.47654e-06 22.3929
2.48014e-06 20.6589
2.48375e-06 21.5547
2.48737e-06 19.7657
2.491e-06 23.0705
2.49464e-06 21.2284
2.49828e-06 20.4574
2.50193e-06 21.636
2.50559e-06 21.7499
2.50926e-06 21.7898
2.51293e-06 21.1071
2.51662e-06 21.734
2.52031e-06 20.9999
2.52401e-06 20.5571
2.52772e-06 20.4994
2.53143e-06 21.6575
2.53516e-06 21.9135
2.53889e-06 21.027
2.54263e-06 20.9419
2.54638e-06 21.4448
2.55014e-06 20.2297
2.5539e-06 21.1047
2.55768e-06 20.7054
2.56146e-06 21.5518
2.56525e-06 21.1881
2.56905e-06 19.8065
2.57286e-06 20.5193
2.57667e-06 20.4468
2.5805e-06 20.5882
2.58433e-06 20.6913
2.58817e-06 19.4951
2.59202e-06 20.0265
2.59588e-06 21.1054
2.59975e-06 20.4167
2.60362e-06 19.7199
2.60751e-06 20.697
2.6114e-06 20.1363
2.61531e-06 19.9416
2.61922e-06 21.1962
2.62314e-06 20.1696
2.62707e-06 20.118
2.631e-06 19.1034
2.63495e-06 19.2198
2.6389e-06 18.3898
2.64287e-06 20.423
2.64684e-06 18.9135
2.65082e-06 18.1898
2.65481e-06 19.8495
2.65881e-06 18.943
2.66282e-06 18.954
2.66684e-06 19.5447
2.67087e-06 19.4141
2.67491e-06 19.3814
2.67895e-06 20.0172
2.68301e-06 17.7094
2.68707e-06 19.9721
2.69114e-06 20.4679
2.69523e-06 20.2999
2.69932e-06 18.3936
2.70342e-06 18.7137
2.70753e-06 19.1121
2.71165e-06 19.1483
2.71578e-06 18.4523
2.71992e-06 18.6768
2.72406e-06 18.4492
2.72822e-06 19.5491
2.73239e-06 18.7122
2.73657e-06 17.9671
2.74075e-06 18.4784
2.74495e-06 18.8739
2.74915e-06 18.6813
2.75337e-06 18.7823
2.75759e-06 18.2823
2.76183e-06 17.9553
2.76607e-06 18.2898
2.77033e-06 19.1368
2.77459e-06 18.13
2.77887e-06 18.6218
2.78315e-06 17.8936
2.78744e-06 18.9241
2.79175e-06 18.0773
2.79606e-06 18.0317
2.80038e-06 17.8068
2.80472e-06 17.5862
2.80906e-06 18.0379
2.81341e-06 17.9317
2.81778e-06 17.2428
2.82215e-06 18.1604
2.82654e-06 17.8627
2.83093e-06 18.0343
2.83534e-06 18.8475
2.83975e-06 16.6403
2.84418e-06 16.6965
2.84861e-06 17.9686
2.85306e-06 18.7442
2.85752e-06 17.5623
2.86198e-06 17.7681
2.86646e-06 17.9444
2.87095e-06 17.5772
2.87545e-06 17.3239
2.87996e-06 16.8706
2.88448e-06 17.334
2.88901e-06 17.3207
2.89355e-06 17.5943
2.8981e-06 18.216
2.90266e-06 17.5819
2.90723e-06 16.9376
2.91182e-06 17.8993
2.91641e-06 16.4543
2.92102e-06 17.4353
2.92564e-06 17.8428
2.93026e-06 16.3395
2.9349e-06 16.1235
2.93955e-06 16.4841
2.94421e-06 17.2753
2.94889e-06 16.3169
2.95357e-06 16.9167
2.95826e-06 17.7074
2.96297e-06 17.2599
2.96768e-06 16.2805
2.97241e-06 16.3639
2.97715e-06 17.2013
2.9819e-06 17.1663
2.98666e-06 15.8173
2.99144e-06 17.2563
2.99622e-06 15.9154
3.00102e-06 15.9996
3.00583e-06 17.2485
3.01065e-06 16.2695
3.01548e-06 16.1353
3.02032e-06 15.8854
3.02517e-06 16.6803
3.03004e-06 16.0112
3.03492e-06 16.5969
3.03981e-06 15.9928
3.04471e-06 15.8873
3.04839e-06 15.1421
3.05085e-06 16.053
3.05331e-06 17.2824
3.05578e-06 16.3207
3.05825e-06 16.4428
3.06072e-06 16.3228
3.06319e-06 16.4323
3.06567e-06 15.4876
3.06815e-06 15.623
3.07064e-06 16.1047
3.07312e-06 15.9841
3.07561e-06 15.879
3.0781e-06 16.0462
3.0806e-06 16.2559
3.0831e-06 17.1072
3.0856e-06 15.8022
3.08811e-06 15.8226
3.09061e-06 15.6088
3.09312e-06 15.5474
3.09564e-06 15.5876
3.09816e-06 15.5264
3.10068e-06 16.0562
3.1032e-06 15.5558
3.10572e-06 16.3868
3.10825e-06 15.1891
3.11079e-06 14.7219
3.11332e-06 16.1378
3.11586e-06 14.5375
3.1184e-06 15.4036
3.12095e-06 15.362
3.12349e-06 14.4763
3.12605e-06 16.4449
3.1286e-06 15.103
3.13116e-06 17.0072
3.13372e-06 15.6208
3.13628e-06 14.2259
3.13885e-06 15.9092
3.14142e-06 15.8052
3.14399e-06 15.6506
3.14657e-06 15.3767
3.14915e-06 15.3451
3.15173e-06 15.8088
3.15432e-06 15.5206
3.1569e-06 15.7459
3.1595e-06 15.6718
3.16209e-06 14.6201
3.16469e-06 15.2087
3.16729e-06 15.3988
3.1699e-06 15.3641
3.1725e-06 14.6059
3.17512e-06 14.0213
3.17773e-06 14.8589
3.18035e-06 14.3074
3.18297e-06 14.9254
3.18559e-06 14.7954
3.18822e-06 16.3132
3.19085e-06 15.3259
3.19349e-06 14.2802
3.19612e-06 14.1543
3.19876e-06 16.2067
3.20141e-06 14.8015
3.20406e-06 15.5017
3.20671e-06 14.2493
3.20936e-06 15.4967
3.21202e-06 15.4532
3.21468e-06 14.2883
3.21734e-06 15.3257
3.22001e-06 14.4889
3.22268e-06 15.1479
3.22535e-06 15.0176
3.22803e-06 14.1638
3.23071e-06 15.1113
3.23339e-06 14.0053
3.23608e-06 15.2502
3.23877e-06 14.5313
3.24146e-06 14.7529
3.24416e-06 15.7047
3.24686e-06 14.6972
3.24956e-06 15.1538
3.25227e-06 14.739
3.25498e-06 15.5586
3.25769e-06 14.9524
3.26041e-06 15.2431
3.26313e-06 14.5431
3.26586e-06 14.2918
3.26858e-06 14.4082
3.27131e-06 14.9841
3.27405e-06 14.9044
3.27679e-06 13.8455
3.27953e-06 15.3201
3.28227e-06 14.6377
3.28502e-06 14.4811
3.28777e-06 14.5178
3.29053e-06 14.3207
3.29329e-06 14.7023
3.29605e-06 15.4464
3.29881e-06 13.9484
3.30158e-06 15.052
3.30435e-06 13.8612
3.30713e-06 14.8154
3.30991e-06 15.5505
3.31269e-06 14.1522
3.31548e-06 15.5968
3.31827e-06 13.0671
3.32106e-06 14.7005
3.32386e-06 14.2762
3.32666e-06 13.2562
3.32946e-06 13.9633
3.33227e-06 15.1364
3.33508e-06 12.2314
3.3379e-06 14.1903
3.34072e-06 14.3257
3.34354e-06 13.5053
3.34636e-06 13.6971
3.34919e-06 13.3443
3.35202e-06 13.4985
3.35486e-06 13.2383
3.3577e-06 14.4423
3.36054e-06 14.5917
3.36339e-06 13.7829
3.36624e-06 14.543
3.3691e-06 13.3175
3.37195e-06 13.9732
3.37481e-06 13.7815
3.37768e-06 14.7934
3.38055e-06 13.3067
3.38342e-06 14.1776
3.3863e-06 13.8395
3.38918e-06 13.4863
3.39206e-06 13.8919
3.39495e-06 13.1618
3.39784e-06 15.0328
3.40073e-06 14.5709
3.40363e-06 13.6838
3.40653e-06 13.0663
3.40944e-06 12.939
3.41235e-06 14.3656
3.41526e-06 13.0291
3.41818e-06 13.6768
3.4211e-06 14.3853
3.42402e-06 13.0529
3.42695e-06 12.6034
3.42988e-06 14.3304
3.43282e-06 15.1167
3.43576e-06 11.5135
3.4387e-06 14.092
3.44165e-06 12.8875
3.4446e-06 13.6776
3.44755e-06 13.6241
3.45051e-06 12.9069
3.45347e-06 14.0538
3.45644e-06 13.6923
3.45941e-06 13.4191
3.46238e-06 12.859
3.46536e-06 12.8273
3.46834e-06 13.0446
3.47133e-06 14.1097
3.47431e-06 14.0622
3.47731e-06 13.8282
3.4803e-06 14.21
3.4833e-06 12.06
3.48631e-06 13.9205
3.48932e-06 12.5659
3.49233e-06 13.3883
3.49535e-06 13.9619
3.49837e-06 13.5174
3.50139e-06 13.2661
3.50442e-06 12.7029
3.50745e-06 12.7711
3.51048e-06 12.067
3.51352e-06 13.5182
3.51657e-06 12.8888
3.51962e-06 12.28
3.52267e-06 12.2955
3.52572e-06 13.0164
3.52878e-06 12.6658
3.53185e-06 13.3245
3.53491e-06 13.4306
3.53798e-06 14.0549
3.54106e-06 12.1146
3.54414e-06 13.351
3.54722e-06 11.987
3.55031e-06 13.0494
3.5534e-06 13.3249
3.5565e-06 13.1123
3.5596e-06 11.8641
3.5627e-06 12.9985
3.56581e-06 12.1224
3.56892e-06 14.3972
3.57204e-06 13.2947
3.57516e-06 13.9193
3.57828e-06 13.1308
3.58141e-06 12.1473
3.58454e-06 12.9247
3.58768e-06 12.1879
3.59082e-06 13.1533
3.59396e-06 12.9967
3.59711e-06 13.3202
3.60026e-06 13.47
3.60342e-06 13.4165
3.60658e-06 12.3224
3.60975e-06 12.1034
3.61292e-06 12.6092
3.61609e-06 13.0076
3.61927e-06 12.6196
3.62245e-06 12.2877
3.62564e-06 12.7153
3.62883e-06 12.1424
3.63202e-06 12.7379
3.63522e-06 13.2242
3.63842e-06 12.3971
3.64163e-06 12.7097
3.64484e-06 12.4669
3.64806e-06 12.3463
3.65128e-06 11.5113
3.6545e-06 12.776
3.65773e-06 13.7461
3.66097e-06 13.0162
3.6642e-06 12.5065
3.66744e-06 12.0415
3.67069e-06 11.9155
3.67394e-06 12.0331
3.67719e-06 12.3267
3.68045e-06 12.9478
3.68372e-06 12.7223
3.68698e-06 12.4164
3.69026e-06 11.7391
3.69353e-06 10.5764
3.69681e-06 11.7695
3.7001e-06 13.0203
3.70339e-06 11.4174
3.70668e-06 11.6258
3.70998e-06 11.4393
3.71328e-06 12.7044
3.71659e-06 12.0715
3.7199e-06 12.5649
3.72322e-06 12.4245
3.72654e-06 11.8455
3.72986e-06 11.3867
3.73319e-06 12.0762
3.73652e-06 11.8579
3.73986e-06 12.3457
3.7432e-06 12.194
3.74655e-06 12.251
3.7499e-06 12.9666
3.75326e-06 11.8228
3.75662e-06 11.0747
3.75998e-06 12.1966
3.76335e-06 12.3013
3.76673e-06 12.4592
3.77011e-06 12.6351
3.77349e-06 12.1243
3.77688e-06 11.9978
3.78027e-06 11.391
3.78366e-06 12.1337
3.78707e-06 12.2744
3.79047e-06 11.8053
3.79388e-06 12.4881
3.7973e-06 12.4445
3.80072e-06 11.6372
3.80414e-06 11.4504
3.80757e-06 10.8517
3.811e-06 12.2897
3.81444e-06 12.102
3.81789e-06 11.5169
3.82133e-06 11.5656
3.82479e-06 11.3981
3.82824e-06 12.1454
3.8317e-06 11.6456
3.83517e-06 11.3217
3.83864e-06 12.4258
3.84212e-06 11.4075
3.8456e-06 11.6684
3.84908e-06 11.1813
3.85257e-06 11.5924
3.85607e-06 11.1903
3.85957e-06 11.2371
3.86307e-06 10.9676
3.86658e-06 11.1897
3.8701e-06 12.493
3.87361e-06 10.6434
3.87714e-06 11.7926
3.88067e-06 11.5638
3.8842e-06 11.2579
3.88774e-06 11.3612
3.89128e-06 11.9499
3.89483e-06 10.64
3.89838e-06 11.6036
3.90194e-06 11.5437
3.9055e-06 10.6734
3.90907e-06 11.6803
3.91264e-06 11.3064
3.91621e-06 9.87056
3.9198e-06 11.169
3.92338e-06 11.0446
3.92697e-06 11.0798
3.93057e-06 10.9019
3.93417e-06 11.6909
3.93778e-06 10.5203
3.94139e-06 10.9397
3.94501e-06 12.0425
3.94863e-06 11.0346
3.95225e-06 11.0857
3.95589e-06 10.9382
3.95952e-06 9.45358
3.96316e-06 10.9127
3.96681e-06 10.825
3.97046e-06 10.506
3.97412e-06 10.2418
3.97778e-06 11.0781
3.98144e-06 11.2672
3.98512e-06 11.1085
3.98879e-06 11.1085
3.99247e-06 10.8097
3.99616e-06 10.8791
3.99985e-06 10.7182
4.00355e-06 10.4804
4.00725e-06 11.2326
4.01096e-06 10.2711
4.01467e-06 10.3792
4.01839e-06 10.5677
4.02211e-06 10.0545
4.02584e-06 10.1187
4.02957e-06 10.6564
4.03331e-06 10.128
4.03706e-06 10.4749
4.04081e-06 10.4335
4.04456e-06 10.4513
4.04832e-06 10.0598
4.05208e-06 10.0738
4.05585e-06 10.9165
4.05963e-06 10.0116
4.06341e-06 10.162
4.06719e-06 11.0542
4.07098e-06 10.1958
4.07478e-06 11.2587
4.07858e-06 10.6888
4.08239e-06 10.4874
4.0862e-06 10.4064
4.09002e-06 10.132
4.09384e-06 10.3124
4.09767e-06 10.2083
4.1015e-06 9.75857
4.10534e-06 10.2285
4.10919e-06 9.85395
4.11304e-06 10.506
4.11689e-06 9.74048
4.12075e-06 9.56096
4.12462e-06 9.84983
4.12849e-06 10.1484
4.13237e-06 10.6678
4.13625e-06 9.1083
4.14014e-06 9.9025
4.14403e-06 10.433
4.14793e-06 9.81897
4.15183e-06 10.1417
4.15574e-06 8.70415
4.15966e-06 9.87754
4.16358e-06 10.4691
4.16751e-06 10.4403
4.17144e-06 10.4404
4.17538e-06 9.98072
4.17932e-06 9.70564
4.18327e-06 10.5439
4.18722e-06 10.002
4.19118e-06 10.5573
4.19515e-06 9.94254
4.19912e-06 10.7166
4.2031e-06 10.0787
4.20708e-06 9.59825
4.21107e-06 10.3377
4.21506e-06 9.11226
4.21906e-06 9.81679
4.22306e-06 9.85856
4.22708e-06 9.39752
4.23109e-06 10.4829
4.23511e-06 9.95745
4.23914e-06 9.635
4.24318e-06 9.62343
4.24722e-06 9.47132
4.25126e-06 10.0147
4.25531e-06 8.80236
4.25937e-06 9.43332
4.26343e-06 9.68068
4.2675e-06 9.11189
4.27158e-06 9.17233
4.27566e-06 8.97923
4.27974e-06 9.39769
4.28383e-06 9.51039
4.28793e-06 9.02854
4.29204e-06 9.47844
4.29615e-06 8.3244
4.30026e-06 9.51168
4.30438e-06 9.93424
4.30851e-06 9.35099
4.31264e-06 8.61749
4.31678e-06 9.36409
4.32093e-06 8.59381
4.32508e-06 8.92051
4.32924e-06 9.68389
4.3334e-06 8.97892
4.33757e-06 8.37822
4.34174e-06 8.96882
4.34592e-06 8.91531
4.35011e-06 9.2494
4.3543e-06 8.33891
4.3585e-06 9.56759
4.36271e-06 8.90426
4.36692e-06 9.67845
4.37114e-06 9.40284
4.37536e-06 9.31741
4.37959e-06 8.43355
4.38383e-06 9.14156
4.38807e-06 8.70962
4.39232e-06 8.73138
4.39657e-06 8.76998
4.40083e-06 8.49984
4.4051e-06 7.89092
4.40937e-06 8.3363
4.41365e-06 8.2524
4.41794e-06 8.52584
4.42223e-06 9.40081
4.42653e-06 8.47261
4.43083e-06 8.92344
4.43514e-06 8.72824
4.43946e-06 8.31192
4.44378e-06 8.5544
4.44811e-06 8.50465
4.45245e-06 8.41262
4.45679e-06 8.80576
4.46114e-06 8.85999
4.4655e-06 8.74534
4.46986e-06 8.88266
4.47422e-06 9.07437
4.4786e-06 8.49459
4.48298e-06 7.72451
4.48737e-06 8.26085
4.49176e-06 8.45814
4.49616e-06 8.43204
4.50057e-06 8.33665
4.50498e-06 8.90814
4.5094e-06 7.6364
4.51382e-06 7.51258
4.51826e-06 8.93487
4.52269e-06 8.48441
4.52714e-06 8.13168
4.53159e-06 8.24829
4.53605e-06 8.45499
4.54052e-06 7.85362
4.54499e-06 8.04171
4.54947e-06 8.35639
4.55395e-06 7.92715
4.55844e-06 8.30839
4.56294e-06 7.79438
4.56744e-06 8.10383
4.57196e-06 8.2235
4.57647e-06 8.22151
4.581e-06 7.30403
4.58553e-06 7.00211
4.59007e-06 8.18947
4.59461e-06 7.49008
4.59917e-06 7.66452
4.60373e-06 7.73507
4.60829e-06 7.88825
4.61286e-06 7.89796
4.61744e-06 7.71314
4.62203e-06 7.37073
4.62662e-06 7.77697
4.63122e-06 7.0661
4.63583e-06 7.54982
4.64044e-06 7.9652
4.64506e-06 7.44762
4.64969e-06 6.74875
4.65432e-06 7.2447
4.65896e-06 7.00058
4.66361e-06 6.77235
4.66826e-06 7.26803
4.67293e-06 7.07289
4.67759e-06 7.1116
4.68227e-06 6.99622
4.68695e-06 7.40067
4.69164e-06 7.07306
4.69634e-06 7.39571
4.70104e-06 6.98063
4.70576e-06 6.85857
4.71047e-06 8.06122
4.7152e-06 6.12521
4.71993e-06 6.76002
4.72467e-06 6.49302
4.72942e-06 6.86489
4.73417e-06 6.43789
4.73893e-06 7.22362
4.7437e-06 6.08363
4.74847e-06 5.94438
4.75326e-06 6.18756
4.75805e-06 6.79751
4.76284e-06 6.51538
4.76765e-06 6.61184
4.77246e-06 6.59594
4.77728e-06 6.57058
4.7821e-06 6.26815
4.78694e-06 6.34398
4.79178e-06 6.2506
4.79663e-06 6.09521
4.80148e-06 6.07069
4.80634e-06 5.93474
4.81121e-06 5.46916
4.81609e-06 5.72113
4.82098e-06 6.2146
4.82587e-06 5.91269
4.83077e-06 5.88997
4.83568e-06 5.09058
4.84059e-06 5.20939
4.84551e-06 5.68901
4.85044e-06 5.6679
4.85538e-06 5.27056
4.86033e-06 4.57467
4.86528e-06 4.96103
4.87024e-06 4.85565
4.87521e-06 5.38577
4.88018e-06 4.5572
4.88516e-06 4.27807
4.89016e-06 4.30942
4.89515e-06 4.78671
4.90016e-06 4.45666
4.90517e-06 3.88373
4.91019e-06 3.77311
4.91522e-06 4.32051
4.92026e-06 4.26193
4.9253e-06 3.92341
4.93036e-06 3.6736
4.93542e-06 3.99195
4.94048e-06 3.9973
4.94556e-06 3.45112
4.95064e-06 3.51716
4.95573e-06 3.28325
4.96083e-06 3.62773
4.96594e-06 3.59865
4.97105e-06 3.8392
4.97618e-06 3.42133
4.98131e-06 3.26783
4.98645e-06 2.73536
4.99159e-06 2.76232
4.99675e-06 2.55292
5.00191e-06 2.72898
5.00708e-06 2.56016
5.01226e-06 2.40662
5.01745e-06 2.35616
5.02264e-06 2.30465
5.02784e-06 2.00165
5.03305e-06 2.13434
5.03827e-06 2.03891
5.0435e-06 1.86569
5.04874e-06 1.68679
5.05398e-06 1.30402
5.05923e-06 1.42156
5.06449e-06 1.29747
5.06976e-06 1.13591
5.07503e-06 0.902409
5.08032e-06 0.959905
5.08561e-06 0.822824
5.09091e-06 1.02772
5.09622e-06 0.676129
5.10154e-06 0.661445
5.10686e-06 0.627854
5.1122e-06 0.61475
5.11754e-06 0.335648
5.12289e-06 0.445799
5.12825e-06 0.353727
5.13362e-06 0.300784
5.13899e-06 0.235995
5.14438e-06 0.273861
5.14977e-06 0.362161
5.15517e-06 0.229864
5.16058e-06 0.282645
5.166e-06 0.224059
5.17143e-06 0.168797
5.17687e-06 0.177336
5.18231e-06 0.0902712
5.18776e-06 0.107622
5.19322e-06 0.112449
5.19869e-06 0.136064
5.20417e-06 0.0644764
5.20966e-06 0.197301
5.21516e-06 0.169872
5.22066e-06 0.12912
5.22617e-06 0.167522
5.2317e-06 0.204419
5.23723e-06 0.172579
5.24277e-06 0.136262
5.24832e-06 0.109321
5.25387e-06 0.136586
5.25944e-06 0.21902
5.26501e-06 0.198355
5.2706e-06 0.209227
5.27619e-06 0.180805
5.28179e-06 0.16932
5.2874e-06 0.197799
5.29302e-06 0.137404
5.29865e-06 0.131278
5.30429e-06 0.171372
5.30994e-06 0.120866
5.31559e-06 0.193556
5.32126e-06 0.290826
5.32693e-06 0.212547
5.33261e-06 0.0916975
5.3383e-06 0.193709
5.344e-06 0.223577
5.34971e-06 0.343005
5.35543e-06 0.193881
5.36116e-06 0.236122
5.3669e-06 0.249353
5.37265e-06 0.242247
5.3784e-06 0.251296
5.38417e-06 0.260359
5.38994e-06 0.2079
5.39573e-06 0.259247
5.40152e-06 0.454192
5.40732e-06 0.231064
5.41313e-06 0.409158
5.41896e-06 0.278093
5.42479e-06 0.45794
5.43063e-06 0.46741
5.43648e-06 0.364913
5.44233e-06 0.528099
5.4482e-06 0.625069
5.45408e-06 0.526751
5.45997e-06 0.704969
5.46587e-06 0.569501
5.47177e-06 0.798346
5.47769e-06 0.712039
5.48361e-06 0.916174
5.48955e-06 1.0728
5.49549e-06 1.17732
5.50145e-06 1.25595
5.50741e-06 1.30108
5.51339e-06 1.3415
5.51937e-06 1.37081
5.52536e-06 1.46821
5.53137e-06 1.70251
5.53738e-06 1.7116
5.5434e-06 1.83974
5.54944e-06 2.26914
5.55548e-06 2.11675
5.56153e-06 2.6524
5.56759e-06 2.41588
5.57367e-06 2.44448
5.57975e-06 2.67227
5.58584e-06 2.76825
5.59194e-06 2.7326
5.59806e-06 2.90823
5.60418e-06 2.92593
5.61031e-06 3.27106
5.61645e-06 3.40884
5.6226e-06 3.00112
5.62877e-06 3.37045
5.63494e-06 3.37009
5.64112e-06 3.37291
5.64732e-06 3.56715
5.65352e-06 3.87225
5.65973e-06 4.12378
5.66596e-06 3.65268
5.67219e-06 3.79269
5.67843e-06 3.7527
5.68469e-06 3.89402
5.69095e-06 4.31536
5.69723e-06 3.93412
5.70351e-06 4.04156
5.70981e-06 4.30961
5.71612e-06 4.03029
5.72243e-06 4.72127
5.72876e-06 4.68808
5.7351e-06 4.91364
5.74145e-06 4.42158
5.74781e-06 4.70364
5.75418e-06 4.38651
5.76056e-06 4.87516
5.76695e-06 4.90113
5.77335e-06 4.50077
5.77976e-06 5.13192
5.78618e-06 5.2691
5.79262e-06 4.85891
5.79906e-06 4.92043
5.80552e-06 5.10318
5.81198e-06 4.79909
5.81846e-06 4.73247
5.82494e-06 4.72048
5.83144e-06 4.63025
5.83795e-06 4.71804
5.84447e-06 5.18988
5.851e-06 5.11268
5.85754e-06 4.97148
5.8641e-06 5.21749
5.87066e-06 5.39056
5.87724e-06 5.0362
5.88382e-06 5.37513
5.89042e-06 5.18648
5.89703e-06 4.97438
5.90365e-06 5.01476
5.91028e-06 5.19733
5.91692e-06 5.52838
5.92357e-06 5.02578
5.93024e-06 5.22073
5.93691e-06 5.02241
5.9436e-06 5.5851
5.9503e-06 5.19735
5.957e-06 5.43107
5.96372e-06 5.66243
5.97046e-06 5.33389
5.9772e-06 5.47798
5.98395e-06 5.28214
5.99072e-06 5.31938
5.9975e-06 5.52416
6.00429e-06 5.57305
6.01109e-06 5.65328
6.0179e-06 5.60603
6.02472e-06 5.61527
6.03156e-06 5.50706
6.03841e-06 5.56221
6.04527e-06 5.70756
6.05214e-06 6.04833
6.05902e-06 5.76608
6.06591e-06 5.82884
6.07282e-06 5.75054
6.07974e-06 5.75935
6.08667e-06 5.77454
6.09361e-06 5.51456
6.10056e-06 5.90557
6.10752e-06 5.81497
6.1145e-06 5.53024
6.12149e-06 5.59153
6.12849e-06 4.94067
6.1355e-06 5.32512
6.14253e-06 5.407
6.14957e-06 5.99386
6.15662e-06 5.31426
6.16368e-06 5.75215
6.17075e-06 5.62769
6.17784e-06 5.65275
6.18493e-06 5.68028
6.19204e-06 5.64555
6.19917e-06 5.79968
6.2063e-06 5.31054
6.21345e-06 5.53879
6.22061e-06 5.67501
6.22778e-06 5.8185
6.23496e-06 5.26732
6.24216e-06 6.00358
6.24937e-06 5.22366
6.25659e-06 5.43119
6.26382e-06 5.65012
6.27107e-06 5.7339
6.27833e-06 5.20596
6.2856e-06 5.61499
6.29288e-06 5.46112
6.30018e-06 5.42117
6.30749e-06 5.36761
6.31481e-06 5.76267
6.32215e-06 5.19255
6.3295e-06 5.48207
6.33686e-06 5.72476
6.34423e-06 5.46963
6.35162e-06 5.46262
6.35902e-06 5.6746
6.36643e-06 5.47389
6.37386e-06 5.13092
6.38129e-06 5.42606
6.38874e-06 5.41906
6.39621e-06 5.67007
6.40369e-06 5.51214
6.41118e-06 5.22138
6.41868e-06 5.42189
6.4262e-06 5.36322
6.43373e-06 5.51307
6.44127e-06 5.5316
6.44883e-06 5.72812
6.4564e-06 5.84881
6.46398e-06 5.71716
6.47158e-06 5.54935
6.47919e-06 5.99778
6.48681e-06 5.42508
6.49445e-06 5.61251
6.5021e-06 5.56612
6.50976e-06 5.46387
6.51744e-06 5.55624
6.52513e-06 5.57904
6.53284e-06 5.87511
6.54056e-06 5.76127
6.54829e-06 5.88502
6.55603e-06 5.30836
6.56379e-06 5.12421
6.57157e-06 5.46046
6.57935e-06 5.62779
6.58716e-06 5.66766
6.59497e-06 5.73886
6.6028e-06 5.60536
6.61064e-06 5.55277
6.6185e-06 5.32393
6.62637e-06 5.52942
6.63425e-06 5.64164
6.64215e-06 5.37908
6.65007e-06 5.12564
6.65799e-06 5.15736
6.66594e-06 5.58558
6.67389e-06 5.70836
6.68186e-06 5.54296
6.68985e-06 5.64924
6.69784e-06 5.39287
6.70586e-06 5.60746
6.71388e-06 5.63303
6.72193e-06 5.56159
6.72998e-06 5.41671
6.73805e-06 5.56812
6.74614e-06 5.47199
6.75424e-06 5.63129
6.76235e-06 4.9545
6.77048e-06 5.40862
6.77862e-06 5.56436
6.78678e-06 5.53171
6.79495e-06 5.3149
6.80314e-06 4.91138
6.81134e-06 5.3763
6.81956e-06 5.48333
6.82779e-06 5.6674
6.83604e-06 5.76735
6.8443e-06 5.40533
6.85258e-06 5.55805
6.86087e-06 5.00489
6.86918e-06 5.00912
6.8775e-06 4.99125
6.88584e-06 5.09352
6.89419e-06 5.00614
6.90256e-06 5.64984
6.91094e-06 5.04484
6.91934e-06 5.61348
6.92776e-06 5.41222
6.93619e-06 4.97632
6.94463e-06 5.03668
6.95309e-06 4.88723
6.96156e-06 5.22048
6.97006e-06 5.04007
6.97856e-06 5.24061
6.98708e-06 5.51215
6.99562e-06 4.77928
7.00418e-06 4.95448
7.01274e-06 5.1736
7.02133e-06 5.62159
7.02993e-06 4.92973
7.03855e-06 5.09171
7.04718e-06 5.2735
7.05583e-06 4.9185
7.06449e-06 5.29644
7.07317e-06 5.0796
7.08187e-06 5.2166
7.09058e-06 4.95312
7.09931e-06 5.10343
7.10805e-06 5.12909
7.11681e-06 5.23823
7.12559e-06 5.0629
7.13438e-06 4.94857
7.14319e-06 5.65364
7.15201e-06 5.25539
7.16086e-06 4.8833
7.16971e-06 4.96862
7.17859e-06 4.94884
7.18748e-06 4.79833
7.19639e-06 4.72609
7.20531e-06 5.05638
7.21425e-06 5.19793
7.22321e-06 5.09186
7.23218e-06 4.77039
7.24117e-06 5.41595
7.25018e-06 5.19121
7.25921e-06 5.18839
7.26825e-06 4.93275
7.27731e-06 5.07562
7.28638e-06 4.73446
7.29547e-06 5.0906
7.30458e-06 4.75309
7.31371e-06 4.85415
7.32285e-06 5.0261
7.33201e-06 4.85958
7.34119e-06 4.98111
7.35039e-06 5.20431
7.3596e-06 4.87315
7.36883e-06 4.65557
7.37807e-06 4.71554
7.38734e-06 4.60042
7.39662e-06 4.5706
7.40592e-06 4.96881
7.41524e-06 4.75103
7.42457e-06 4.99106
7.43392e-06 4.88494
7.44329e-06 4.52159
7.45268e-06 4.77297
7.46209e-06 4.57165
7.47151e-06 4.8474
7.48095e-06 4.71633
7.49041e-06 4.57346
7.49989e-06 4.4101
7.50938e-06 4.29345
7.51889e-06 4.86317
7.52843e-06 4.98099
7.53797e-06 4.43343
7.54754e-06 4.62303
7.55713e-06 5.11717
7.56673e-06 4.87288
7.57635e-06 4.40791
7.58599e-06 4.44374
7.59565e-06 4.43385
7.60533e-06 4.23538
7.61503e-06 4.66179
7.62474e-06 4.61622
7.63447e-06 4.49857
7.64422e-06 4.63692
7.65399e-06 4.99305
7.66378e-06 4.48801
7.67359e-06 4.59042
7.68342e-06 4.52675
7.69326e-06 4.58427
7.70313e-06 4.73927
7.71301e-06 4.25671
7.72291e-06 4.62314
7.73284e-06 4.25169
7.74278e-06 4.55114
7.75274e-06 4.87999
7.76272e-06 4.40495
7.77271e-06 4.45253
7.78273e-06 4.53076
7.79277e-06 4.67099
7.80283e-06 4.49964
7.8129e-06 4.69756
7.823e-06 4.57094
7.83311e-06 4.40013
7.84325e-06 4.51786
7.8534e-06 4.74311
7.86358e-06 4.71569
7.87377e-06 4.57149
7.88398e-06 4.40486
7.89422e-06 4.29326
7.90447e-06 4.81853
7.91475e-06 3.94413
7.92504e-06 4.30044
7.93535e-06 4.3516
7.94569e-06 4.50302
7.95604e-06 4.41321
7.96642e-06 4.16976
7.97681e-06 4.64631
7.98723e-06 4.18901
7.99766e-06 4.45079
8.00812e-06 4.25182
8.01859e-06 4.52765
8.02909e-06 4.11664
8.03961e-06 4.41852
8.05015e-06 4.53531
8.06071e-06 4.43541
8.07129e-06 4.34073
8.08189e-06 4.20082
8.09251e-06 4.20026
8.10315e-06 4.17498
8.11381e-06 4.51966
8.1245e-06 4.4668
8.1352e-06 4.26145
8.14593e-06 4.33622
8.15668e-06 4.23824
8.16745e-06 4.31269
8.17824e-06 4.10682
8.18905e-06 4.15439
8.19989e-06 4.19119
8.21074e-06 4.31761
8.22162e-06 4.16817
8.23252e-06 4.38389
8.24344e-06 4.06475
8.25438e-06 4.53499
8.26534e-06 4.14765
8.27633e-06 3.86286
8.28733e-06 4.27238
8.29836e-06 4.29562
8.30942e-06 4.16832
8.32049e-06 4.48154
8.33158e-06 4.00749
8.3427e-06 4.13294
8.35384e-06 4.05677
8.365e-06 4.41791
8.37619e-06 4.19568
8.3874e-06 4.55276
8.39863e-06 4.39817
8.40988e-06 3.78593
8.42115e-06 4.11317
8.43245e-06 3.99643
8.44377e-06 4.11096
8.45512e-06 4.21162
8.46648e-06 3.73417
8.47787e-06 3.71343
8.48928e-06 4.00275
8.50072e-06 4.12562
8.51218e-06 4.03355
8.52366e-06 4.09305
8.53516e-06 3.89299
8.54669e-06 4.03294
8.55824e-06 3.93277
8.56982e-06 4.24985
8.58141e-06 3.94157
8.59304e-06 3.82702
8.60468e-06 3.99061
8.61635e-06 3.96478
8.62804e-06 3.92481
8.63976e-06 4.31655
8.6515e-06 4.00667
8.66326e-06 3.95254
8.67505e-06 3.9335
8.68687e-06 4.04638
8.6987e-06 3.85781
8.71056e-06 3.96587
8.72245e-06 4.10819
8.73436e-06 3.8245
8.74629e-06 3.77752
8.75825e-06 4.01843
8.77023e-06 3.81838
8.78224e-06 4.28581
8.79427e-06 3.91195
8.80633e-06 3.84946
8.81841e-06 3.6902
8.83052e-06 3.83855
8.84265e-06 4.28375
8.85481e-06 4.27388
8.86699e-06 3.77029
8.8792e-06 3.88704
8.89143e-06 3.49227
8.90369e-06 3.7231
8.91597e-06 3.38824
8.92828e-06 3.72451
8.94061e-06 3.70518
8.95297e-06 3.72404
8.96535e-06 3.81881
8.97777e-06 3.94603
8.9902e-06 3.5559
9.00266e-06 3.87711
9.01515e-06 3.73696
9.02767e-06 3.92569
9.04021e-06 3.8037
9.05277e-06 3.76524
9.06537e-06 3.55063
9.07799e-06 3.66403
9.09063e-06 3.63329
9.1033e-06 3.6205
9.116e-06 3.64574
9.12873e-06 3.83399
9.14148e-06 3.58104
9.15426e-06 3.57622
9.16706e-06 3.24266
9.17989e-06 3.47867
9.19275e-06 3.55174
9.20564e-06 3.76565
9.21855e-06 3.87191
9.23149e-06 3.53114
9.24446e-06 3.52689
9.25745e-06 3.3487
9.27048e-06 3.48966
9.28353e-06 3.69328
9.2966e-06 3.57776
9.30971e-06 3.68383
9.32284e-06 3.32147
9.336e-06 3.56152
9.34919e-06 3.45319
9.36241e-06 3.52116
9.37565e-06 3.67243
9.38892e-06 3.46823
9.40222e-06 3.49949
9.41555e-06 3.68058
9.42891e-06 3.31228
9.4423e-06 3.60921
9.45571e-06 3.53096
9.46915e-06 3.42044
9.48263e-06 3.65086
9.49613e-06 3.75209
9.50966e-06 3.65189
9.52321e-06 3.46999
9.5368e-06 3.68717
9.55042e-06 3.51561
9.56406e-06 3.51909
9.57774e-06 3.32349
9.59144e-06 3.28059
9.60518e-06 3.27156
9.61894e-06 3.16537
9.63273e-06 3.12741
9.64655e-06 3.40985
9.66041e-06 3.48208
9.67429e-06 3.3637
9.6882e-06 3.55536
9.70214e-06 3.49364
9.71612e-06 3.16762
9.73012e-06 3.05819
9.74415e-06 3.16801
9.75821e-06 3.52241
9.77231e-06 3.37597
9.78643e-06 3.09644
9.80059e-06 3.60284
9.81477e-06 3.32282
9.82899e-06 3.15021
9.84323e-06 3.26454
9.85751e-06 3.49586
9.87182e-06 3.32957
9.88616e-06 3.2735
9.90053e-06 3.44622
9.91494e-06 3.39575
9.92937e-06 3.20188
9.94384e-06 3.38605
9.95834e-06 3.41081
9.97287e-06 3.31031
9.98743e-06 3.35993
1.0002e-05 3.26352
1.00166e-05 3.16516
1.00313e-05 3.15713
1.0046e-05 3.24247
1.00607e-05 3.09111
1.00755e-05 3.32163
1.00903e-05 3.1385
1.01051e-05 3.18775
1.01199e-05 3.36093
1.01348e-05 3.00962
1.01497e-05 3.2912
1.01647e-05 3.10383
1.01797e-05 3.12466
1.01947e-05 2.99437
1.02097e-05 3.12153
1.02248e-05 3.1176
1.02399e-05 3.21642
1.02551e-05 3.03568
1.02703e-05 2.97305
1.02855e-05 3.44822
1.03007e-05 3.00299
1.0316e-05 3.14072
1.03313e-05 3.10975
1.03467e-05 3.27366
1.03621e-05 3.32282
1.03775e-05 2.97898
1.0393e-05 2.95689
1.04084e-05 2.99695
1.0424e-05 2.81967
1.04395e-05 3.06683
1.04551e-05 3.16987
1.04708e-05 3.15481
1.04864e-05 2.955
1.05021e-05 2.98632
1.05179e-05 2.77589
1.05336e-05 2.98476
1.05494e-05 3.07489
1.05653e-05 2.91495
1.05812e-05 3.28892
1.05971e-05 3.22091
1.0613e-05 3.16833
1.0629e-05 3.1723
1.0645e-05 3.21156
1.06611e-05 3.25152
1.06772e-05 2.92767
1.06933e-05 2.95214
1.07095e-05 3.18413
1.07257e-05 2.88542
1.07419e-05 2.95843
1.07582e-05 3.06876
1.07745e-05 2.96839
1.07909e-05 3.13711
1.08073e-05 2.77428
1.08237e-05 2.99561
1.08402e-05 2.78629
1.08567e-05 2.65806
1.08732e-05 2.7087
1.08898e-05 2.97508
1.09064e-05 2.83301
1.09231e-05 2.88445
1.09397e-05 2.75971
1.09565e-05 2.70228
1.09732e-05 2.90569
1.09901e-05 2.83463
1.10069e-05 2.76398
1.10238e-05 2.82489
1.10407e-05 2.67338
1.10577e-05 2.86977
1.10747e-05 2.98236
1.10917e-05 2.84076
1.11088e-05 3.01035
1.11259e-05 2.79326
1.11431e-05 3.07694
1.11603e-05 2.75643
1.11775e-05 2.59732
1.11948e-05 2.84149
1.12121e-05 2.80499
1.12295e-05 2.69598
1.12469e-05 2.65097
1.12643e-05 2.72065
1.12818e-05 2.61964
1.12993e-05 2.73191
1.13169e-05 2.73889
1.13345e-05 2.83661
1.13521e-05 2.70062
1.13698e-05 2.70119
1.13875e-05 2.72391
1.14053e-05 2.65648
1.14231e-05 2.73668
1.1441e-05 2.66407
1.14588e-05 2.85169
1.14768e-05 2.93388
1.14948e-05 2.66315
1.15128e-05 2.69488
1.15308e-05 2.38522
1.1549e-05 2.6088
1.15671e-05 2.74716
1.15853e-05 2.67794
1.16035e-05 2.56109
1.16218e-05 2.38789
1.16401e-05 2.86326
1.16585e-05 2.84157
1.16769e-05 2.66146
1.16953e-05 2.65379
1.17138e-05 2.55768
1.17324e-05 2.42529
1.1751e-05 2.74885
1.17696e-05 2.7602
1.17882e-05 2.6219
1.1807e-05 2.44155
1.18257e-05 2.60827
1.18445e-05 2.32092
1.18634e-05 2.51166
1.18823e-05 2.63444
1.19012e-05 2.57072
1.19202e-05 2.53342
1.19392e-05 2.48463
1.19583e-05 2.48024
1.19774e-05 2.65992
1.19966e-05 2.43677
1.20158e-05 2.84588
1.20351e-05 2.63903
1.20544e-05 2.52412
1.20737e-05 2.60795
1.20931e-05 2.40078
1.21126e-05 2.23867
1.21321e-05 2.7017
1.21516e-05 2.49787
1.21712e-05 2.55605
1.21908e-05 2.63102
1.22105e-05 2.51682
1.22302e-05 2.5001
1.225e-05 2.5687
1.22698e-05 2.29235
1.22897e-05 2.43064
1.23096e-05 2.60466
1.23296e-05 2.56953
1.23496e-05 2.47891
1.23697e-05 2.50821
1.23898e-05 2.51735
1.241e-05 2.32998
1.24302e-05 2.361
1.24504e-05 2.38928
1.24708e-05 2.48593
1.24911e-05 2.51776
1.25115e-05 2.39867
1.2532e-05 2.37668
1.25525e-05 2.45729
1.25731e-05 2.58987
1.25937e-05 2.42133
1.26144e-05 2.37184
1.26351e-05 2.49556
1.26558e-05 2.39084
1.26767e-05 2.31289
1.26975e-05 2.3189
1.27185e-05 2.34893
1.27394e-05 2.29163
1.27605e-05 2.39146
1.27815e-05 2.18629
1.28027e-05 2.38023
1.28239e-05 2.1933
1.28451e-05 2.5481
1.28664e-05 2.34243
1.28877e-05 2.37688
1.29091e-05 2.26834
1.29306e-05 2.15534
1.29521e-05 2.3924
1.29736e-05 2.47506
1.29952e-05 2.19548
1.30169e-05 2.30023
1.30386e-05 2.31305
1.30604e-05 2.28844
1.30822e-05 2.25889
1.31041e-05 2.32828
1.3126e-05 2.07033
1.3148e-05 2.35387
1.31701e-05 2.22998
1.31922e-05 2.16614
1.32143e-05 2.1409
1.32365e-05 2.05498
1.32588e-05 2.07483
1.32811e-05 2.13467
1.33035e-05 2.24824
1.33259e-05 1.99115
1.33484e-05 2.19578
1.3371e-05 2.20775
1.33936e-05 2.12882
1.34163e-05 2.23722
1.3439e-05 2.0072
1.34618e-05 2.12083
1.34846e-05 2.17652
1.35075e-05 2.25349
1.35305e-05 2.05159
1.35535e-05 2.04108
1.35766e-05 2.14901
1.35997e-05 2.15812
1.36229e-05 2.15147
1.36461e-05 2.13356
1.36694e-05 2.1012
1.36928e-05 2.11604
1.37162e-05 2.20142
1.37397e-05 2.15889
1.37633e-05 2.06106
1.37869e-05 2.11675
1.38106e-05 2.12125
1.38343e-05 2.03888
1.38581e-05 2.17367
1.3882e-05 2.06766
1.39059e-05 1.98227
1.39299e-05 2.13359
1.39539e-05 2.00403
1.3978e-05 2.10684
1.40022e-05 1.91907
1.40264e-05 2.11541
1.40507e-05 2.05679
1.4075e-05 2.11054
1.40995e-05 1.97339
1.4124e-05 2.18765
1.41485e-05 2.0183
1.41731e-05 1.96777
1.41978e-05 2.13261
1.42225e-05 2.00458
1.42473e-05 2.02331
1.42722e-05 1.88935
1.42971e-05 1.91788
1.43221e-05 2.02086
1.43472e-05 1.91748
1.43723e-05 1.95753
1.43975e-05 2.0261
1.44228e-05 1.83107
1.44481e-05 1.98755
1.44735e-05 2.02992
1.4499e-05 1.86849
1.45245e-05 1.7217
1.45501e-05 1.97146
1.45758e-05 1.90923
1.46015e-05 1.93365
1.46273e-05 1.99124
1.46532e-05 1.99864
1.46791e-05 1.89601
1.47051e-05 1.99551
1.47312e-05 1.81576
1.47574e-05 1.88817
1.47836e-05 1.8976
1.48099e-05 1.88425
1.48362e-05 2.04895
1.48626e-05 1.88934
1.48891e-05 1.99626
1.49157e-05 1.85665
1.49424e-05 1.8702
1.49691e-05 2.02137
1.49959e-05 1.84934
